3lett	%ULT_Tk	%PULT_Tk	%APULT_Tk	%PAPULT_Tk	nULT_Tk	nPULT_Tk	nAPULT_Tk	nPAPULT_Tk
aah	0	100	0	0	0	31	0	0
abb	6.574394464	83.73702422	9.688581315	0	19	242	28	0
abe	0	100	0	0	0	22	0	0
abi	2.150537634	52.41935484	41.93548387	3.494623656	8	195	156	13
abo	33.33333333	50	16.66666667	0	2	3	1	0
aca	0	100	0	0	0	7	0	0
acc	5.268490375	81.56028369	12.25937183	0.911854103	52	805	121	9
ace	0	100	0	0	0	4	0	0
aci	0	0	100	0	0	0	8	0
acq	0.707213579	96.32248939	2.97029703	0	5	681	21	0
acr	0	100	0	0	0	5	0	0
acu	0	100	0	0	0	24	0	0
ada	1.612903226	94.35483871	4.032258065	0	2	117	5	0
add	6.643356643	92.65734266	0.699300699	0	19	265	2	0
ade	0	100	0	0	0	291	0	0
adi	0	100	0	0	0	3	0	0
ado	5.357142857	73.21428571	19.64285714	1.785714286	3	41	11	1
adr	0	0	100	0	0	0	9	0
adu	0	100	0	0	0	24	0	0
aer	0	38.98305085	61.01694915	0	0	46	72	0
afa	0	100	0	0	0	6	0	0
aff	10.06423983	83.5117773	6.209850107	0.214132762	47	390	29	1
afr	0	100	0	0	0	14	0	0
age	0	100	0	0	0	47	0	0
agg	4.516129032	81.29032258	14.19354839	0	7	126	22	0
agi	6.097560976	64.63414634	24.3902439	4.87804878	5	53	20	4
agl	0	100	0	0	0	7	0	0
agn	0	100	0	0	0	7	0	0
ago	0	100	0	0	0	45	0	0
agr	0	68.57142857	31.42857143	0	0	24	11	0
agu	0	100	0	0	0	9	0	0
ahh	0	100	0	0	0	10	0	0
ahi	21.64948454	78.35051546	0	0	21	76	0	0
aia	0	100	0	0	0	7	0	0
aiu	5.18018018	86.71171171	8.108108108	0	23	385	36	0
ala	0	100	0	0	0	96	0	0
alb	0	23.36683417	76.63316583	0	0	93	305	0
alc	6.036745407	93.96325459	0	0	23	358	0	0
alf	0	100	0	0	0	13	0	0
alg	0	100	0	0	0	24	0	0
ali	2.941176471	91.17647059	5.882352941	0	1	31	2	0
all	1.553829079	96.1154273	2.330743618	0	14	866	21	0
alm	0	100	0	0	0	118	0	0
alp	0	100	0	0	0	12	0	0
alq	0	100	0	0	0	14	0	0
alt	0	99.31102362	0.688976378	0	0	2018	14	0
alu	0	100	0	0	0	30	0	0
alv	0	100	0	0	0	6	0	0
alz	26.95035461	57.44680851	15.60283688	0	38	81	22	0
ama	0.8	84	15.2	0	1	105	19	0
amb	0	100	0	0	0	191	0	0
ame	0	100	0	0	0	47	0	0
ami	0	99.35897436	0.641025641	0	0	620	4	0
amm	4	76.66666667	19.33333333	0	6	115	29	0
amo	6.493506494	93.50649351	0	0	5	72	0	0
amp	0	100	0	0	0	31	0	0
ana	0	12.5	87.5	0	0	7	49	0
anc	1.007194245	98.65707434	0.335731415	0	21	2057	7	0
and	12.21995927	77.93618466	8.8934148	0.950441276	180	1148	131	14
ane	0	86.48648649	13.51351351	0	0	32	5	0
anf	0	63.63636364	36.36363636	0	0	7	4	0
ang	0	15.19607843	84.80392157	0	0	31	173	0
ani	0.17699115	89.55752212	10.26548673	0	1	506	58	0
ann	1.046511628	98.02325581	0.930232558	0	9	843	8	0
ans	0	100	0	0	0	27	0	0
ant	5.054151625	82.67148014	12.27436823	0	14	229	34	0
anz	11.20689655	88.79310345	0	0	13	103	0	0
aoo	0	100	0	0	0	13	0	0
ape	0	100	0	0	0	167	0	0
apo	0	0	100	0	0	0	11	0
app	2.014218009	85.42654028	12.55924171	0	17	721	106	0
apr	13.50364964	78.46715328	8.02919708	0	37	215	22	0
aqu	0	36.36363636	63.63636364	0	0	16	28	0
ara	0	72.22222222	27.77777778	0	0	52	20	0
arb	0	43.47826087	56.52173913	0	0	10	13	0
arc	0	84.05797101	15.94202899	0	0	58	11	0
ard	0	73.33333333	26.66666667	0	0	11	4	0
are	0	0	100	0	0	0	27	0
arg	0	91.26213592	8.737864078	0	0	94	9	0
ari	0	93.33333333	6.666666667	0	0	266	19	0
arm	0.775193798	98.4496124	0.775193798	0	1	127	1	0
arn	0	100	0	0	0	13	0	0
arr	8.323424495	81.45065398	9.988109394	0.237812128	70	685	84	2
art	0	65.18987342	34.81012658	0	0	103	55	0
asc	3.076923077	86.66666667	10.25641026	0	6	169	20	0
asf	0	100	0	0	0	9	0	0
asi	0	31.57894737	68.42105263	0	0	12	26	0
asp	1.994301994	88.6039886	9.401709402	0	7	311	33	0
ass	2.222222222	87.77777778	10	0	10	395	45	0
ast	0	79.52755906	20.47244094	0	0	101	26	0
atl	0	73.68421053	26.31578947	0	0	14	5	0
atm	0	78.57142857	21.42857143	0	0	33	9	0
ato	0	0	100	0	0	0	22	0
atr	0	100	0	0	0	15	0	0
att	5.947580645	83.46774194	10.58467742	0	59	828	105	0
aug	6	78	16	0	3	39	8	0
aul	0	100	0	0	0	29	0	0
aum	4.651162791	83.72093023	11.62790698	0	2	36	5	0
aur	0	100	0	0	0	6	0	0
aus	0	100	0	0	0	19	0	0
aut	4.261363636	63.92045455	31.81818182	0	15	225	112	0
ava	1.129943503	92.65536723	6.214689266	0	2	164	11	0
ave	6.944102438	86.4565378	6.599359764	0	282	3511	268	0
avo	0	100	0	0	0	12	0	0
avv	8.550185874	84.20074349	7.249070632	0	46	453	39	0
azi	0	100	0	0	0	72	0	0
azz	0	98.21428571	1.785714286	0	0	110	2	0
bab	0	100	0	0	0	126	0	0
bac	5.747126437	89.65517241	4.597701149	0	5	78	4	0
bad	2.777777778	88.88888889	8.333333333	0	1	32	3	0
baf	0	100	0	0	0	18	0	0
bag	0.99009901	98.01980198	0.99009901	0	1	99	1	0
bai	0	100	0	0	0	9	0	0
bal	6.435643564	89.6039604	3.96039604	0	13	181	8	0
bam	0	95.93596059	4.064039409	0	0	779	33	0
ban	0	99.6124031	0.387596899	0	0	257	1	0
bar	0.358422939	86.73835125	12.90322581	0	1	242	36	0
bas	3.434343434	92.32323232	2.828282828	1.414141414	17	457	14	7
bat	3.045685279	72.08121827	24.87309645	0	6	142	49	0
bau	0	100	0	0	0	63	0	0
bea	0	100	0	0	0	16	0	0
bec	1.739130435	95.65217391	2.608695652	0	2	110	3	0
bef	0	100	0	0	0	13	0	0
bel	0	85.56067588	14.43932412	0	0	557	94	0
ben	3.022670025	90.80604534	6.171284635	0	24	721	49	0
ber	0.714285714	91.42857143	7.857142857	0	1	128	11	0
bes	0	100	0	0	0	69	0	0
bet	0	100	0	0	0	11	0	0
bev	0	100	0	0	0	43	0	0
bia	0	99.24528302	0.754716981	0	0	263	2	0
bib	0	81.81818182	18.18181818	0	0	18	4	0
bic	3.797468354	96.20253165	0	0	3	76	0	0
bid	0	100	0	0	0	13	0	0
big	4.285714286	95.71428571	0	0	3	67	0	0
bil	0	100	0	0	0	21	0	0
bim	0	100	0	0	0	72	0	0
bin	0	100	0	0	0	15	0	0
bio	0	94.44444444	5.555555556	0	0	17	1	0
bir	0	100	0	0	0	28	0	0
bis	4.931506849	94.24657534	0.821917808	0	18	344	3	0
biz	0	100	0	0	0	9	0	0
blo	4	92	4	0	1	23	1	0
boc	0	100	0	0	0	165	0	0
bol	2.702702703	97.2972973	0	0	1	36	0	0
bom	0	100	0	0	0	76	0	0
bon	100	0	0	0	18	0	0	0
bor	4.87804878	95.12195122	0	0	6	117	0	0
bos	0	100	0	0	0	196	0	0
bot	0	100	0	0	0	126	0	0
box	0	100	0	0	0	5	0	0
boy	0	100	0	0	0	5	0	0
bra	0.278551532	95.82172702	3.899721448	0	1	344	14	0
bre	0	96.59090909	3.409090909	0	0	85	3	0
bri	2.803738318	58.87850467	38.31775701	0	3	63	41	0
bro	10.20408163	73.46938776	16.32653061	0	5	36	8	0
brr	0	100	0	0	0	14	0	0
bru	2.116402116	94.17989418	3.703703704	0	4	178	7	0
bua	0	100	0	0	0	13	0	0
buc	0	98.1981982	1.801801802	0	0	109	2	0
bud	0	100	0	0	0	9	0	0
bue	0	100	0	0	0	25	0	0
buf	0	86.84210526	13.15789474	0	0	33	5	0
bug	0	100	0	0	0	26	0	0
bui	0	100	0	0	0	71	0	0
buo	0	99.44134078	0.558659218	0	0	356	2	0
bur	0	100	0	0	0	53	0	0
bus	17.64705882	66.66666667	15.68627451	0	9	34	8	0
but	11.11111111	80.24691358	7.407407407	1.234567901	9	65	6	1
buu	0	100	0	0	0	18	0	0
cab	0	100	0	0	0	14	0	0
cac	3.804347826	92.93478261	3.260869565	0	7	171	6	0
cad	1.149425287	86.59003831	12.2605364	0	3	226	32	0
caf	70.76923077	29.23076923	0	0	46	19	0	0
cal	1.992753623	86.5942029	11.41304348	0	11	478	63	0
cam	2.151639344	89.44672131	8.401639344	0	21	873	82	0
can	1.948051948	94.15584416	3.896103896	0	15	725	30	0
cao	0	100	0	0	0	2	0	0
cap	7.018992568	87.20066061	5.780346821	0	85	1056	70	0
car	1.553062985	79.89646247	18.46419327	0.086281277	18	926	214	1
cas	0.441176471	99.55882353	0	0	6	1354	0	0
cat	1.351351351	85.13513514	13.51351351	0	3	189	30	0
cau	1.5625	96.875	1.5625	0	1	62	1	0
cav	6.25	86.875	6.875	0	20	278	22	0
ced	7.407407407	66.66666667	25.92592593	0	2	18	7	0
cel	0.806451613	53.22580645	45.96774194	0	1	66	57	0
cem	0	100	0	0	0	11	0	0
cen	0	83.57894737	16.42105263	0	0	397	78	0
cep	0	100	0	0	0	5	0	0
cer	2.641165756	92.89617486	4.462659381	0	29	1020	49	0
ces	5.223880597	88.80597015	5.970149254	0	7	119	8	0
chi	9.435096154	70.67307692	19.65144231	0.240384615	157	1176	327	4
cia	8.095238095	91.9047619	0	0	17	193	0	0
cib	0.943396226	95.28301887	3.773584906	0	1	101	4	0
cic	0	100	0	0	0	61	0	0
cie	0	100	0	0	0	260	0	0
cif	0	100	0	0	0	25	0	0
cig	0	100	0	0	0	24	0	0
cil	0	100	0	0	0	51	0	0
cim	0	100	0	0	0	69	0	0
cin	2.5	84.16666667	13.33333333	0	6	202	32	0
cio	75	17.04545455	7.954545455	0	198	45	21	0
cip	0	100	0	0	0	21	0	0
cir	0	83.95904437	14.67576792	1.365187713	0	246	43	4
cit	90.52132701	9.004739336	0.473933649	0	382	38	2	0
ciu	0	100	0	0	0	21	0	0
civ	62.31884058	36.23188406	1.449275362	0	43	25	1	0
cla	0	87.2611465	12.7388535	0	0	137	20	0
cli	0	100	0	0	0	72	0	0
clo	0	100	0	0	0	1	0	0
cob	0	100	0	0	0	1	0	0
coc	10.28037383	89.71962617	0	0	11	96	0	0
cod	0.704225352	89.43661972	9.85915493	0	1	127	14	0
cof	0	100	0	0	0	2	0	0
cog	0	42.59259259	57.40740741	0	0	23	31	0
coi	0	40	60	0	0	2	3	0
col	3.233830846	90.87893864	5.306799337	0.580431177	39	1096	64	7
com	3.680699333	89.90108121	6.119162641	0.299056821	160	3908	266	13
con	3.221029248	87.07885968	9.329877823	0.370233247	87	2352	252	10
cop	1.680672269	95.37815126	2.941176471	0	4	227	7	0
cor	0.075642965	89.93948563	9.984871407	0	1	1189	132	0
cos	37.20653789	60.653789	2.139673105	0	1252	2041	72	0
cot	0	100	0	0	0	21	0	0
cov	14.28571429	85.71428571	0	0	1	6	0	0
coz	0	100	0	0	0	1	0	0
cra	0	100	0	0	0	25	0	0
cre	2.941176471	74.67320261	22.38562092	0	18	457	137	0
cri	0	100	0	0	0	64	0	0
cro	3.092783505	73.19587629	23.71134021	0	3	71	23	0
cru	20	80	0	0	7	28	0	0
cub	0	100	0	0	0	23	0	0
cuc	6.363636364	58.63636364	35	0	14	129	77	0
cuf	0	100	0	0	0	5	0	0
cug	0	100	0	0	0	64	0	0
cui	0	100	0	0	0	459	0	0
cul	0	100	0	0	0	60	0	0
cum	0	0	100	0	0	0	5	0
cuo	0	92.72727273	7.272727273	0	0	204	16	0
cup	0	100	0	0	0	9	0	0
cur	21.3836478	76.10062893	2.51572327	0	34	121	4	0
cus	0	100	0	0	0	44	0	0
dad	0	100	0	0	0	32	0	0
dai	0	66.66666667	33.33333333	0	0	4	2	0
dam	0	100	0	0	0	29	0	0
dan	2.222222222	88.88888889	8.888888889	0	2	80	8	0
dap	0	100	0	0	0	40	0	0
dar	6.200317965	81.87599364	11.44674086	0.476947536	39	515	72	3
dat	0	100	0	0	0	52	0	0
dav	0	100	0	0	0	397	0	0
dea	0	100	0	0	0	8	0	0
deb	0	24	76	0	0	12	38	0
dec	1.286173633	73.63344051	25.08038585	0	4	229	78	0
ded	2.380952381	73.80952381	19.04761905	4.761904762	1	31	8	2
def	1.818181818	94.54545455	3.636363636	0	1	52	2	0
deg	0	100	0	0	0	15	0	0
del	0	96.49122807	3.50877193	0	0	110	4	0
dem	0	0	100	0	0	0	12	0
den	1.97044335	80.78817734	17.24137931	0	8	328	70	0
dep	0	40.25974026	49.35064935	10.38961039	0	31	38	8
der	0	88.0952381	11.9047619	0	0	37	5	0
des	0.968523002	83.77723971	13.80145278	1.452784504	4	346	57	6
det	1.492537313	86.56716418	7.462686567	4.47761194	1	58	5	3
dev	0	83.33333333	16.66666667	0	0	5	1	0
dia	0	53.98230088	46.01769912	0	0	61	52	0
dic	1.666666667	98.33333333	0	0	1	59	0	0
did	0	0	100	0	0	0	8	0
die	0	100	0	0	0	274	0	0
dif	7.763975155	53.41614907	38.81987578	0	25	172	125	0
dig	18.91891892	81.08108108	0	0	7	30	0	0
dil	6.25	93.75	0	0	1	15	0	0
dim	8.235294118	80.39215686	10.58823529	0.784313725	21	205	27	2
din	0	86.48648649	13.51351351	0	0	32	5	0
dip	0	73.21428571	26.78571429	0	0	41	15	0
dir	1.580226904	92.46353323	5.95623987	0	39	2282	147	0
dis	0.930232558	86.41860465	12.55813953	0.093023256	10	929	135	1
dit	0	100	0	0	0	105	0	0
div	5.982905983	83.54700855	10.47008547	0	56	782	98	0
dli	0	100	0	0	0	9	0	0
doc	0	92.85714286	7.142857143	0	0	39	3	0
dod	0	0	100	0	0	0	53	0
dol	0.677966102	64.40677966	34.91525424	0	2	190	103	0
dom	10.20881671	66.12529002	23.43387471	0.232018561	44	285	101	1
don	2.23880597	90.67164179	7.089552239	0	6	243	19	0
dop	0	100	0	0	0	812	0	0
dor	4.724409449	85.43307087	9.842519685	0	12	217	25	0
dos	0	100	0	0	0	9	0	0
dot	18.26923077	81.73076923	0	0	19	85	0	0
dov	4.825870647	89.30348259	5.870646766	0	97	1795	118	0
doz	0	100	0	0	0	16	0	0
dra	0	73.07692308	26.92307692	0	0	19	7	0
dri	0	100	0	0	0	34	0	0
dro	0	91.66666667	8.333333333	0	0	11	1	0
dub	2.173913043	89.13043478	8.695652174	0	1	41	4	0
duc	0	100	0	0	0	16	0	0
due	0	100	0	0	0	1109	0	0
dun	0	100	0	0	0	123	0	0
duo	0	100	0	0	0	8	0	0
dur	3.112840467	93.77431907	3.112840467	0	8	241	8	0
ebb	0	100	0	0	0	32	0	0
ebr	0	100	0	0	0	14	0	0
ecc	0	71.81818182	28.18181818	0	0	553	217	0
ecl	0	100	0	0	0	10	0	0
eco	0	69.23076923	30.76923077	0	0	45	20	0
ede	0	0	100	0	0	0	7	0
edi	0	77.19298246	22.80701754	0	0	44	13	0
edu	2.857142857	97.14285714	0	0	1	34	0	0
eff	0	97.64705882	2.352941176	0	0	83	2	0
egi	0	100	0	0	0	23	0	0
egl	0	100	0	0	0	180	0	0
ego	0	100	0	0	0	5	0	0
ehi	1.773049645	98.22695035	0	0	5	277	0	0
ela	0	0	100	0	0	0	8	0
ele	2.244389027	76.80798005	20.94763092	0	9	308	84	0
eli	3.448275862	48.27586207	48.27586207	0	1	14	14	0
elm	0	100	0	0	0	6	0	0
ema	20	60	20	0	1	3	1	0
eme	0	82.45614035	17.54385965	0	0	47	10	0
emi	0	95.65217391	4.347826087	0	0	22	1	0
emo	2.631578947	94.73684211	2.631578947	0	1	36	1	0
enc	0	100	0	0	0	11	0	0
ene	0	88.46153846	11.53846154	0	0	69	9	0
eni	0	100	0	0	0	8	0	0
eno	0	100	0	0	0	85	0	0
ent	12.01814059	80.72562358	7.256235828	0	53	356	32	0
enu	0	100	0	0	0	14	0	0
epi	0	100	0	0	0	15	0	0
epo	0	0	100	0	0	0	37	0
epp	0	100	0	0	0	44	0	0
equ	0	82.89473684	17.10526316	0	0	63	13	0
era	0	100	0	0	0	17	0	0
erb	0	100	0	0	0	158	0	0
ere	0	93.33333333	0	6.666666667	0	14	0	1
erm	0	100	0	0	0	5	0	0
ero	0	100	0	0	0	75	0	0
err	0	100	0	0	0	39	0	0
eru	0	100	0	0	0	7	0	0
esa	1.960784314	96.07843137	1.960784314	0	3	147	3	0
esc	43.38235294	50	6.617647059	0	59	68	9	0
ese	1.734104046	89.01734104	8.670520231	0.578034682	6	308	30	2
esi	4.694835681	61.03286385	34.27230047	0	10	130	73	0
esp	1.067615658	87.90035587	11.03202847	0	3	247	31	0
ess	4.45912469	79.24236168	16.29851363	0	432	7677	1579	0
est	5.423728814	82.71186441	11.86440678	0	16	244	35	0
eta	100	0	0	0	77	0	0	0
ete	0	100	0	0	0	9	0	0
eti	0	100	0	0	0	7	0	0
etr	0	100	0	0	0	48	0	0
ett	0	39.28571429	60.71428571	0	0	11	17	0
eur	0	100	0	0	0	37	0	0
eva	3.333333333	43.33333333	36.66666667	16.66666667	1	13	11	5
eve	0	100	0	0	0	14	0	0
evi	3.370786517	83.14606742	11.23595506	2.247191011	3	74	10	2
evo	0	86.95652174	13.04347826	0	0	20	3	0
evv	0	100	0	0	0	58	0	0
ext	0	100	0	0	0	6	0	0
fab	1.204819277	43.37349398	51.80722892	3.614457831	1	36	43	3
fac	4	54.90909091	40.72727273	0.363636364	11	151	112	1
fag	0	100	0	0	0	11	0	0
fal	13.43283582	86.56716418	0	0	9	58	0	0
FAL	0	100	0	0	0	35	0	0
fam	0	99.7311828	0.268817204	0	0	371	1	0
fan	0	74.11764706	25.88235294	0	0	189	66	0
far	4.361085697	90.1494358	5.458981397	0.030497103	143	2956	179	1
fas	0	86.25	13.75	0	0	69	11	0
fat	0	99.71751412	0.282485876	0	0	353	1	0
fau	0	100	0	0	0	2	0	0
fav	2.395209581	59.88023952	37.7245509	0	4	100	63	0
faz	0	100	0	0	0	26	0	0
feb	0	100	0	0	0	23	0	0
fed	0	94.59459459	5.405405405	0	0	35	2	0
feg	0	0	100	0	0	0	15	0
fel	13.79310345	86.20689655	0	0	24	150	0	0
fem	0	46.51162791	53.48837209	0	0	20	23	0
fen	0	33.33333333	66.66666667	0	0	12	24	0
fer	7.862903226	84.27419355	7.862903226	0	39	418	39	0
fes	0	90.54054054	9.459459459	0	0	134	14	0
fet	0	100	0	0	0	22	0	0
fia	0	92.06349206	7.936507937	0	0	174	15	0
fib	0	100	0	0	0	10	0	0
fic	21.05263158	73.68421053	5.263157895	0	4	14	1	0
fid	2.985074627	89.55223881	7.462686567	0	2	60	5	0
fie	0	97.95918367	2.040816327	0	0	48	1	0
fig	0.27173913	94.83695652	4.891304348	0	1	349	18	0
fil	1.694915254	93.78531073	4.519774011	0	3	166	8	0
fin	7.317073171	89.50480414	3.17812269	0	99	1211	43	0
fio	0	98.6970684	1.302931596	0	0	303	4	0
fir	12.5	79.16666667	8.333333333	0	3	19	2	0
fis	10.55900621	60.86956522	28.57142857	0	17	98	46	0
fit	0	92.59259259	7.407407407	0	0	25	2	0
fiu	0	99.32885906	0.67114094	0	0	148	1	0
fla	0	100	0	0	0	26	0	0
flo	0	100	0	0	0	19	0	0
flu	0	100	0	0	0	1	0	0
foc	0	100	0	0	0	17	0	0
fod	0	0	100	0	0	0	7	0
fog	0	100	0	0	0	250	0	0
fol	0	100	0	0	0	55	0	0
fon	0.431034483	94.39655172	5.172413793	0	1	219	12	0
for	0.469483568	92.37089202	7.159624413	0	8	1574	122	0
fos	0	48.97959184	51.02040816	0	0	24	25	0
fot	0.552486188	85.08287293	14.36464088	0	1	154	26	0
fra	0.500834725	90.31719533	9.18196995	0	3	541	55	0
fre	0.23255814	98.13953488	1.627906977	0	1	422	7	0
fri	0	65.78947368	34.21052632	0	0	25	13	0
fro	0	92.94117647	7.058823529	0	0	79	6	0
fru	0.653594771	95.4248366	3.921568627	0	1	146	6	0
fuc	0	100	0	0	0	11	0	0
fug	11.36363636	79.54545455	9.090909091	0	15	105	12	0
ful	5.882352941	23.52941176	70.58823529	0	1	4	12	0
fum	0	99.33333333	0.666666667	0	0	149	1	0
fun	1.554404145	92.74611399	5.699481865	0	3	179	11	0
fuo	0	100	0	0	0	488	0	0
fur	0	99.21875	0.78125	0	0	127	1	0
fus	0	100	0	0	0	34	0	0
fut	0	100	0	0	0	55	0	0
gab	0	100	0	0	0	77	0	0
gai	0	100	0	0	0	8	0	0
gal	1.863354037	95.65217391	2.48447205	0	3	154	4	0
gam	0	89.6969697	10.3030303	0	0	148	17	0
gar	1.754385965	90.35087719	7.894736842	0	2	103	9	0
gas	0	100	0	0	0	91	0	0
gat	0	100	0	0	0	265	0	0
gel	1	87	12	0	1	87	12	0
gem	0	97.87234043	2.127659574	0	0	46	1	0
gen	0.92449923	85.67026194	13.40523883	0	6	556	87	0
geo	0	45.65217391	54.34782609	0	0	21	25	0
ger	0	100	0	0	0	23	0	0
ges	0	100	0	0	0	43	0	0
get	24.09638554	59.03614458	16.86746988	0	20	49	14	0
ghe	0	100	0	0	0	5	0	0
ghi	0	100	0	0	0	102	0	0
gia	0	99.24433249	0.755667506	0	0	394	3	0
gig	0	100	0	0	0	97	0	0
gin	0	60.86956522	39.13043478	0	0	28	18	0
gio	1.492537313	89.07077516	9.43668753	0	31	1850	196	0
gir	3.236245955	91.58576052	5.177993528	0	10	283	16	0
git	0	100	0	0	0	25	0	0
giu	6.349206349	79.16666667	14.08730159	0.396825397	32	399	71	2
gla	0	100	0	0	0	8	0	0
gli	0	100	0	0	0	19	0	0
glo	0	55.26315789	44.73684211	0	0	21	17	0
gno	0	100	0	0	0	50	0	0
gob	0	100	0	0	0	8	0	0
goc	0	100	0	0	0	63	0	0
god	7.142857143	82.14285714	10.71428571	0	2	23	3	0
gol	0	100	0	0	0	74	0	0
gom	0	52.38095238	47.61904762	0	0	33	30	0
gon	4	88	8	0	2	44	4	0
gor	0	100	0	0	0	9	0	0
got	0	100	0	0	0	2	0	0
gov	0	97.43589744	2.564102564	0	0	38	1	0
gra	1.264298615	95.06321493	3.672486454	0	21	1579	61	0
gre	0	100	0	0	0	104	0	0
gri	24.80916031	68.70229008	6.488549618	0	65	180	17	0
gro	0	100	0	0	0	266	0	0
grr	0	100	0	0	0	52	0	0
gru	0	100	0	0	0	104	0	0
gua	6.723585912	86.01921025	7.04375667	0.213447172	63	806	66	2
gue	0	100	0	0	0	129	0	0
guf	0	100	0	0	0	24	0	0
gui	1.515151515	95.45454545	3.03030303	0	1	63	2	0
gul	0	100	0	0	0	97	0	0
gus	0	96.92307692	3.076923077	0	0	63	2	0
hob	0	100	0	0	0	7	0	0
hom	0	100	0	0	0	1	0	0
hot	100	0	0	0	10	0	0	0
ide	3.937007874	93.30708661	2.755905512	0	10	237	7	0
ido	0	0	100	0	0	0	4	0
idr	0	55	45	0	0	11	9	0
ier	0	100	0	0	0	51	0	0
igi	0	0	100	0	0	0	5	0
ign	7.692307692	84.61538462	7.692307692	0	1	11	1	0
iii	0	100	0	0	0	57	0	0
ill	2.366863905	85.79881657	9.467455621	2.366863905	4	145	16	4
imb	4.210526316	86.31578947	9.473684211	0	4	82	9	0
imi	0	73.91304348	17.39130435	8.695652174	0	17	4	2
imm	0.657894737	58.55263158	40.78947368	0	2	178	124	0
imp	1.881188119	84.75247525	13.36633663	0	19	856	135	0
ina	0	100	0	0	0	11	0	0
inc	6.050420168	66.38655462	27.39495798	0.168067227	36	395	163	1
ind	3.333333333	69.71014493	26.23188406	0.724637681	23	481	181	5
inf	2.5390625	93.75	3.7109375	0	13	480	19	0
ing	2.641509434	94.33962264	3.018867925	0	7	250	8	0
ini	5.714285714	89.14285714	5.142857143	0	10	156	9	0
inn	5.063291139	81.01265823	13.92405063	0	4	64	11	0
ino	1.538461538	92.30769231	6.153846154	0	1	60	4	0
inq	0	95.23809524	4.761904762	0	0	20	1	0
ins	3.898305085	86.94915254	9.152542373	0	23	513	54	0
int	1.111111111	92.77777778	6.018518519	0.092592593	12	1002	65	1
inu	0	8.928571429	91.07142857	0	0	5	51	0
inv	1.73564753	92.65687583	5.607476636	0	13	694	42	0
inz	0	100	0	0	0	3	0	0
ipo	0	0	100	0	0	0	27	0
ipp	0	0	100	0	0	0	8	0
ira	0	100	0	0	0	8	0	0
irr	8.695652174	86.95652174	0	4.347826087	2	20	0	1
isc	3.333333333	60	36.66666667	0	1	18	11	0
iso	0	14.28571429	85.71428571	0	0	21	126	0
isp	0	100	0	0	0	17	0	0
iss	0	72.72727273	27.27272727	0	0	8	3	0
ist	0	100	0	0	0	106	0	0
ita	0	100	0	0	0	86	0	0
iti	0	100	0	0	0	8	0	0
jea	0	100	0	0	0	4	0	0
jun	0	100	0	0	0	8	0	0
lab	0	100	0	0	0	57	0	0
lac	0	10.81081081	89.18918919	0	0	4	33	0
lad	0	100	0	0	0	82	0	0
lag	27.84810127	72.15189873	0	0	44	114	0	0
lam	1.333333333	74.66666667	24	0	2	112	36	0
lan	8.720930233	82.55813953	8.720930233	0	15	142	15	0
lar	0	100	0	0	0	73	0	0
las	20.48681542	64.09736308	15.21298174	0.202839757	101	316	75	1
lat	0	97.37991266	2.620087336	0	0	223	6	0
lav	0.739371534	93.90018484	5.360443623	0	4	508	29	0
lea	0	100	0	0	0	6	0	0
lec	20.83333333	62.5	16.66666667	0	5	15	4	0
leg	0.589970501	80.53097345	18.87905605	0	4	546	128	0
len	0	98.37398374	1.62601626	0	0	121	2	0
leo	0	100	0	0	0	95	0	0
lep	0	100	0	0	0	47	0	0
les	0	100	0	0	0	8	0	0
let	0	61.76470588	38.23529412	0	0	210	130	0
lev	12.32876712	79.45205479	8.219178082	0	9	58	6	0
lez	0	100	0	0	0	60	0	0
lib	9.734513274	61.94690265	27.72861357	0.589970501	33	210	94	2
lic	0	100	0	0	0	23	0	0
lid	0	100	0	0	0	3	0	0
lie	0	100	0	0	0	46	0	0
lim	7.352941176	47.05882353	41.17647059	4.411764706	5	32	28	3
lin	0	64.17910448	35.82089552	0	0	129	72	0
liq	0	5.660377358	94.33962264	0	0	3	50	0
lir	0	100	0	0	0	58	0	0
lis	0	100	0	0	0	76	0	0
lit	0	83.87096774	8.064516129	8.064516129	0	52	5	5
liv	0	100	0	0	0	39	0	0
loc	20.63492063	79.36507937	0	0	13	50	0	0
lod	0	100	0	0	0	10	0	0
log	0	0	100	0	0	0	18	0
lom	0	100	0	0	0	12	0	0
lon	0	98.66071429	1.339285714	0	0	221	3	0
loo	0	100	0	0	0	20	0	0
lor	0	100	0	0	0	866	0	0
lot	0	91.30434783	8.695652174	0	0	63	6	0
luc	0.328947368	81.57894737	17.43421053	0.657894737	1	248	53	2
lug	0	100	0	0	0	32	0	0
lui	0	100	0	0	0	513	0	0
lum	0	98.61111111	1.388888889	0	0	71	1	0
lun	3.628447025	94.19448476	2.177068215	0	25	649	15	0
luo	0	100	0	0	0	128	0	0
lup	0	100	0	0	0	162	0	0
lus	0	100	0	0	0	21	0	0
mac	0	26.08695652	73.91304348	0	0	54	153	0
mad	0	100	0	0	0	169	0	0
mae	11.875	88.125	0	0	19	141	0	0
mag	8.932038835	58.05825243	33.00970874	0	46	299	170	0
mai	0	100	0	0	0	583	0	0
mal	0	98.44720497	1.552795031	0	0	317	5	0
mam	0	91.68241966	8.31758034	0	0	485	44	0
man	3.304484658	85.8379229	10.77891424	0.078678206	42	1091	137	1
map	0	100	0	0	0	20	0	0
mar	1.394169835	97.08491762	1.520912548	0	11	766	12	0
mas	0	75.96153846	22.59615385	1.442307692	0	158	47	3
mat	0	94.98956159	5.010438413	0	0	455	24	0
maz	0	100	0	0	0	26	0	0
mec	0	36.84210526	63.15789474	0	0	7	12	0
med	0.381679389	74.04580153	25.57251908	0	1	194	67	0
meg	0	100	0	0	0	251	0	0
mel	0	100	0	0	0	86	0	0
mem	0	85.41666667	14.58333333	0	0	41	7	0
men	0.798722045	98.40255591	0.798722045	0	5	616	5	0
mer	4.6875	84.11458333	10.9375	0.260416667	18	323	42	1
mes	0	97.6	1.2	1.2	0	244	3	3
met	8.574091333	65.05125815	26.18825722	0.18639329	92	698	281	2
mez	7.665505226	92.33449477	0	0	22	265	0	0
mia	0	80	20	0	0	28	7	0
mic	0	83.33333333	16.66666667	0	0	60	12	0
mie	0	96.15384615	3.846153846	0	0	25	1	0
mig	8.108108108	90.99099099	0.900900901	0	18	202	2	0
mil	0.279329609	95.53072626	4.189944134	0	1	342	15	0
mim	0	100	0	0	0	6	0	0
min	0.481927711	76.38554217	23.13253012	0	2	317	96	0
mio	0	100	0	0	0	1603	0	0
mir	2.127659574	55.31914894	42.55319149	0	1	26	20	0
mis	0	91.55844156	8.441558442	0	0	282	26	0
mit	0	69.56521739	30.43478261	0	0	16	7	0
mob	0	0	100	0	0	0	28	0
mod	0	98.32635983	1.046025105	0.627615063	0	470	5	3
mog	0	100	0	0	0	69	0	0
mol	0.089525515	94.98657117	4.923903312	0	1	1061	55	0
mom	0	100	0	0	0	300	0	0
mon	0.380228137	99.61977186	0	0	3	786	0	0
mor	13.5678392	71.10552764	14.8241206	0.502512563	54	283	59	2
mos	4.330708661	90.5511811	5.118110236	0	11	230	13	0
mot	0	100	0	0	0	116	0	0
mov	0	100	0	0	0	88	0	0
moz	0	100	0	0	0	3	0	0
muc	0	100	0	0	0	61	0	0
mug	0	100	0	0	0	11	0	0
mul	0	100	0	0	0	49	0	0
mum	0	100	0	0	0	4	0	0
mun	0	84.21052632	15.78947368	0	0	16	3	0
muo	0.578034682	41.61849711	57.80346821	0	1	72	100	0
mur	0	100	0	0	0	109	0	0
mus	0	48.9626556	51.0373444	0	0	118	123	0
mut	12.82051282	74.35897436	12.82051282	0	5	29	5	0
nan	0	98.03921569	1.960784314	0	0	50	1	0
nap	0	100	0	0	0	11	0	0
nar	0	97.2972973	2.702702703	0	0	36	1	0
nas	1.3671875	77.34375	21.2890625	0	7	396	109	0
nat	0	100	0	0	0	369	0	0
nav	0	96.72131148	3.278688525	0	0	177	6	0
naz	0	100	0	0	0	59	0	0
nea	2.597402597	97.4025974	0	0	2	75	0	0
neb	0	100	0	0	0	37	0	0
nec	18.42105263	81.57894737	0	0	14	62	0	0
neg	1.739130435	98.26086957	0	0	2	113	0	0
nem	0.666666667	99.33333333	0	0	1	149	0	0
neo	0	100	0	0	0	13	0	0
nep	1.818181818	98.18181818	0	0	1	54	0	0
ner	0	100	0	0	0	261	0	0
nes	16.66666667	83.07291667	0.260416667	0	64	319	1	0
net	0	0	100	0	0	0	8	0
nev	0	96.22641509	3.773584906	0	0	153	6	0
nid	0	100	0	0	0	68	0	0
nie	1.623376623	98.37662338	0	0	5	303	0	0
nin	0	100	0	0	0	14	0	0
nip	0	100	0	0	0	90	0	0
niu	0	100	0	0	0	6	0	0
nob	0	2.631578947	97.36842105	0	0	1	37	0
noc	0	91.37931034	8.620689655	0	0	53	5	0
nod	0	100	0	0	0	13	0	0
noi	0	100	0	0	0	601	0	0
nol	0	100	0	0	0	7	0	0
nom	0.255754476	98.9769821	0.767263427	0	1	387	3	0
non	2.422145329	97.57785467	0	0	7	282	0	0
nor	0	97.56097561	2.43902439	0	0	40	1	0
nos	0	100	0	0	0	707	0	0
not	1.773049645	94.14893617	4.078014184	0	10	531	23	0
nov	29.11392405	70.88607595	0	0	23	56	0	0
noz	0	100	0	0	0	14	0	0
nub	0	100	0	0	0	31	0	0
nuc	0	100	0	0	0	5	0	0
nud	0	100	0	0	0	30	0	0
nul	0	100	0	0	0	174	0	0
num	0	17.30103806	82.69896194	0	0	50	239	0
nuo	0.200400802	97.59519038	2.204408818	0	1	487	11	0
nut	1.492537313	68.65671642	29.85074627	0	1	46	20	0
nuv	0	19.49152542	80.50847458	0	0	23	95	0
oas	0	0	100	0	0	0	15	0
obb	8.823529412	64.70588235	26.47058824	0	3	22	9	0
obi	0	100	0	0	0	68	0	0
obl	0	100	0	0	0	7	0	0
oca	0	100	0	0	0	40	0	0
occ	0.816326531	92.10884354	6.394557823	0.680272109	6	677	47	5
oce	0	0	100	0	0	0	68	0
odi	0	96.2962963	3.703703704	0	0	26	1	0
odo	0	100	0	0	0	46	0	0
off	1.342281879	83.89261745	14.76510067	0	2	125	22	0
ogg	0	100	0	0	0	379	0	0
ogn	0	100	0	0	0	645	0	0
ohi	0	100	0	0	0	33	0	0
oka	0	100	0	0	0	22	0	0
ola	0	100	0	0	0	8	0	0
oli	0	60	40	0	0	57	38	0
olt	0	100	0	0	0	106	0	0
oma	0	100	0	0	0	3	0	0
omb	0	100	0	0	0	120	0	0
ome	0	100	0	0	0	7	0	0
omi	0	100	0	0	0	26	0	0
ond	0	97.4025974	2.597402597	0	0	75	2	0
one	0	93.33333333	6.666666667	0	0	14	1	0
ono	1.694915254	86.44067797	11.86440678	0	1	51	7	0
oof	0	100	0	0	0	12	0	0
ooh	0	100	0	0	0	19	0	0
ooo	0	100	0	0	0	21	0	0
opa	0	100	0	0	0	5	0	0
ope	0	65.78947368	33.55263158	0.657894737	0	100	51	1
opi	0	100	0	0	0	16	0	0
opl	100	0	0	0	8	0	0	0
opp	0	100	0	0	0	127	0	0
ora	0	100	0	0	0	1017	0	0
orb	0	0	100	0	0	0	10	0
orc	0	100	0	0	0	22	0	0
ord	14.51612903	17.74193548	67.74193548	0	27	33	126	0
ore	0	100	0	0	0	64	0	0
orf	0	22.22222222	77.77777778	0	0	2	7	0
org	0.714285714	83.57142857	15.71428571	0	1	117	22	0
ori	0	69.71428571	30.28571429	0	0	122	53	0
orl	0	100	0	0	0	6	0	0
orm	0	100	0	0	0	167	0	0
oro	0	97.07792208	2.922077922	0	0	299	9	0
orr	0	58.82352941	41.17647059	0	0	20	14	0
ors	0	100	0	0	0	70	0	0
ort	0	100	0	0	0	36	0	0
osa	10.86956522	82.60869565	6.52173913	0	5	38	3	0
osc	42.42424242	54.54545455	3.03030303	0	14	18	1	0
osp	9.183673469	27.55102041	63.26530612	0	9	27	62	0
oss	3.045685279	83.75634518	13.19796954	0	12	330	52	0
ost	1.886792453	67.9245283	30.18867925	0	1	36	16	0
ott	0.746268657	73.50746269	25.74626866	0	2	197	69	0
ouc	0	100	0	0	0	14	0	0
ova	0	100	0	0	0	2	0	0
ove	0	100	0	0	0	36	0	0
ovu	0	100	0	0	0	14	0	0
ovv	0	100	0	0	0	22	0	0
ozo	0	100	0	0	0	10	0	0
pac	0	88	12	0	0	132	18	0
pad	0	100	0	0	0	295	0	0
pae	0	100	0	0	0	247	0	0
paf	0	100	0	0	0	1	0	0
pag	3.90070922	48.93617021	47.16312057	0	11	138	133	0
pai	0	100	0	0	0	68	0	0
pal	0.423728814	86.86440678	12.71186441	0	2	410	60	0
pan	0	96.10894942	3.891050584	0	0	247	10	0
pap	28.49740933	41.96891192	29.53367876	0	220	324	228	0
par	1.938819474	92.11546747	5.730288669	0.215424386	45	2138	133	5
pas	5.285868393	84.57389428	9.924487594	0.21574973	49	784	92	2
pat	0	77.31958763	22.68041237	0	0	75	22	0
pau	0	100	0	0	0	213	0	0
pav	0	100	0	0	0	58	0	0
paz	0	100	0	0	0	85	0	0
pec	0	48.88888889	51.11111111	0	0	44	46	0
ped	3.571428571	96.42857143	0	0	1	27	0	0
peg	4.651162791	95.34883721	0	0	2	41	0	0
pel	0	89.87341772	10.12658228	0	0	142	16	0
pen	6.701570681	82.09424084	11.20418848	0	64	784	107	0
pep	0	100	0	0	0	15	0	0
per	55.83149953	32.34831814	11.75730902	0.06287331	1776	1029	374	2
pes	0.892857143	94.10714286	5	0	5	527	28	0
pet	0	69.87951807	30.12048193	0	0	58	25	0
pez	0.632911392	99.36708861	0	0	1	157	0	0
pfu	0	100	0	0	0	31	0	0
pia	0.904605263	90.625	8.470394737	0	11	1102	103	0
pic	0.828402367	15.62130178	83.55029586	0	7	132	706	0
pie	3.890489914	95.24495677	0.720461095	0.144092219	27	661	5	1
pif	0	33.33333333	66.66666667	0	0	1	2	0
pig	2.380952381	95.23809524	2.380952381	0	1	40	1	0
pil	0	88.88888889	11.11111111	0	0	48	6	0
pin	0	100	0	0	0	71	0	0
pio	2.127659574	92.55319149	5.319148936	0	4	174	10	0
pip	5.357142857	94.64285714	0	0	3	53	0	0
pir	0	93.61702128	6.382978723	0	0	44	3	0
pis	0	100	0	0	0	74	0	0
pit	0	100	0	0	0	43	0	0
piu	0	100	0	0	0	114	0	0
piz	0	100	0	0	0	22	0	0
pla	0	21.73913043	78.26086957	0	0	5	18	0
plu	0	100	0	0	0	27	0	0
po'	99.34640523	0.653594771	0	0	456	3	0	0
poc	0	97.27126806	2.728731942	0	0	606	17	0
poe	0	91.74311927	8.256880734	0	0	100	9	0
pof	0	100	0	0	0	26	0	0
pog	0	100	0	0	0	4	0	0
poi	7.227615965	92.77238403	0	0	67	860	0	0
pol	0	76.10619469	23.89380531	0	0	258	81	0
pom	0	98.98989899	1.01010101	0	0	98	1	0
pon	0	100	0	0	0	37	0	0
pop	0	38.21989529	61.2565445	0.523560209	0	73	117	1
por	5.928853755	82.21343874	11.46245059	0.395256917	60	832	116	4
pos	9.345794393	70.49399199	20.16021362	0	70	528	151	0
pot	7.865168539	77.41573034	14.71910112	0	140	1378	262	0
pov	3.649635036	14.96350365	81.38686131	0	10	41	223	0
poz	0	93.24324324	6.756756757	0	0	69	5	0
pra	0	84.21052632	15.35087719	0.438596491	0	192	35	1
pre	2.736928105	81.08660131	15.68627451	0.490196078	67	1985	384	12
pri	0	89.12052117	10.87947883	0	0	1368	167	0
pro	5.277874869	84.93533729	9.612023768	0.174764069	151	2430	275	5
pru	0	100	0	0	0	22	0	0
psi	0	0	100	0	0	0	8	0
pub	14.85148515	26.73267327	58.41584158	0	15	27	59	0
puf	0	100	0	0	0	24	0	0
pug	0	100	0	0	0	24	0	0
pul	0	98.05825243	1.941747573	0	0	101	2	0
pum	0	100	0	0	0	2	0	0
pun	0.934579439	96.72897196	2.336448598	0	4	414	10	0
pup	0	100	0	0	0	24	0	0
pur	8.673469388	90.81632653	0.510204082	0	17	178	1	0
puz	0	80	20	0	0	4	1	0
qua	2.828241123	95.64409579	1.527663088	0	137	4633	74	0
que	0	100	0	0	0	3011	0	0
qui	0	88.53211009	11.46788991	0	0	193	25	0
quo	0	100	0	0	0	36	0	0
rab	8.108108108	86.48648649	5.405405405	0	3	32	2	0
rac	5.432595573	77.86720322	16.29778672	0.402414487	27	387	81	2
rad	7.619047619	86.66666667	5.714285714	0	8	91	6	0
raf	0	93.75	6.25	0	0	45	3	0
rag	0.514933059	91.76107106	7.723995881	0	5	891	75	0
ral	11.11111111	72.22222222	16.66666667	0	2	13	3	0
ram	0	100	0	0	0	122	0	0
ran	0	98.48484848	1.515151515	0	0	130	2	0
rap	2.024291498	76.11336032	21.86234818	0	5	188	54	0
rar	0	84.375	15.625	0	0	27	5	0
ras	10.34482759	89.65517241	0	0	3	26	0	0
rat	50	0	50	0	1	0	1	0
raz	0	100	0	0	0	60	0	0
rea	37.23404255	60.63829787	2.127659574	0	70	114	4	0
rec	6.626506024	77.71084337	15.6626506	0	11	129	26	0
red	0	64.70588235	35.29411765	0	0	11	6	0
reg	1.351351351	87.64478764	10.42471042	0.579150579	7	454	54	3
rel	0	100	0	0	0	99	0	0
rem	0	95	5	0	0	38	2	0
ren	0.613496933	60.73619632	37.42331288	1.226993865	1	99	61	2
rep	23.25581395	23.25581395	53.48837209	0	10	10	23	0
res	9.813084112	74.53271028	15.65420561	0	42	319	67	0
ret	0	74.62686567	25.37313433	0	0	100	34	0
ria	11.9047619	79.76190476	7.142857143	1.19047619	10	67	6	1
rib	0	90.47619048	9.523809524	0	0	19	2	0
ric	3.238866397	81.57894737	15.18218623	0	32	806	150	0
rid	1.694915254	59.74576271	38.55932203	0	4	141	91	0
rie	9.401709402	77.77777778	12.82051282	0	11	91	15	0
rif	7.083333333	77.91666667	15	0	17	187	36	0
rig	0	81	19	0	0	81	19	0
ril	0	92	8	0	0	46	4	0
rim	2.919708029	79.8053528	17.27493917	0	12	328	71	0
rin	8.391608392	76.92307692	14.68531469	0	12	110	21	0
rio	0	50	40	10	0	5	4	1
rip	5.747126437	73.94636015	20.11494253	0.191570881	30	386	105	1
riq	0	100	0	0	0	9	0	0
ris	2.708124373	85.3560682	11.93580742	0	27	851	119	0
rit	7.397959184	87.24489796	5.357142857	0	29	342	21	0
riu	14.51247166	76.19047619	9.297052154	0	64	336	41	0
riv	4.214559387	83.14176245	12.64367816	0	11	217	33	0
riz	8.333333333	75	16.66666667	0	1	9	2	0
rob	36.60714286	63.39285714	0	0	41	71	0	0
roc	0	100	0	0	0	111	0	0
rod	0	100	0	0	0	6	0	0
rom	0.934579439	86.91588785	12.14953271	0	2	186	26	0
ron	0.806451613	70.96774194	28.22580645	0	1	88	35	0
ros	0.461893764	97.4595843	2.07852194	0	2	422	9	0
rot	2	81	17	0	2	81	17	0
rou	0	100	0	0	0	2	0	0
rov	8.860759494	87.34177215	3.797468354	0	7	69	3	0
roz	0	100	0	0	0	10	0	0
rub	4.032258065	92.74193548	3.225806452	0	5	115	4	0
rud	0	100	0	0	0	3	0	0
rug	6.060606061	93.93939394	0	0	2	31	0	0
rum	0	98.69281046	1.307189542	0	0	151	2	0
ruo	0	93.33333333	6.666666667	0	0	84	6	0
rur	0	100	0	0	0	8	0	0
rus	0	100	0	0	0	47	0	0
ruv	0	0	100	0	0	0	8	0
ruz	0	83.33333333	16.66666667	0	0	5	1	0
sab	0	56.17977528	43.82022472	0	0	50	39	0
sac	0.578034682	96.53179191	2.89017341	0	1	167	5	0
saf	0	100	0	0	0	2	0	0
sag	0	78.78787879	21.21212121	0	0	26	7	0
sal	6.329113924	88.03222094	5.638665132	0	55	765	49	0
sam	0	100	0	0	0	6	0	0
san	0.581395349	99.41860465	0	0	1	171	0	0
sap	2.761104442	93.27731092	3.961584634	0	23	777	33	0
sar	0	100	0	0	0	20	0	0
sas	0	100	0	0	0	81	0	0
sat	0	4.347826087	95.65217391	0	0	1	22	0
sba	7.142857143	84.18367347	8.673469388	0	14	165	17	0
sbo	0	100	0	0	0	9	0	0
sbr	0	77.27272727	22.72727273	0	0	34	10	0
sbu	21.73913043	56.52173913	21.73913043	0	5	13	5	0
sca	4.831625183	77.74524158	17.13030747	0.292825769	33	531	117	2
sce	1.234567901	74.56790123	24.19753086	0	5	302	98	0
sch	3.825136612	85.79234973	10.38251366	0	14	314	38	0
sci	1.724137931	80.2955665	17.24137931	0.738916256	7	326	70	3
sco	5.723542117	76.99784017	16.95464363	0.323974082	53	713	157	3
scr	1.229508197	73.7704918	24.79508197	0.204918033	6	360	121	1
scu	0.149253731	96.11940299	3.731343284	0	1	644	25	0
sdr	5.263157895	89.47368421	5.263157895	0	1	17	1	0
seb	0	100	0	0	0	17	0	0
sec	0	84.4017094	15.5982906	0	0	395	73	0
sed	0.760456274	89.35361217	9.885931559	0	2	235	26	0
seg	3.043478261	88.11594203	8.84057971	0	21	608	61	0
sei	0	100	0	0	0	17	0	0
sel	0	50	50	0	0	46	46	0
sem	1.372074253	84.58434221	13.96287328	0.08071025	17	1048	173	1
sen	4.045734389	92.26033421	3.693931398	0	46	1049	42	0
sep	1.538461538	93.84615385	4.615384615	0	1	61	3	0
seq	0	100	0	0	0	17	0	0
ser	3.557814485	88.18297332	8.259212198	0	28	694	65	0
ses	4.545454545	95.45454545	0	0	1	21	0	0
set	0	97.18309859	2.816901408	0	0	345	10	0
sev	0	90	10	0	0	18	2	0
sez	0	100	0	0	0	8	0	0
sfe	0	100	0	0	0	25	0	0
sfi	3.125	89.0625	7.8125	0	2	57	5	0
sfo	1.086956522	91.30434783	7.608695652	0	1	84	7	0
sfr	13.88888889	75	11.11111111	0	5	27	4	0
sfu	10	86.66666667	3.333333333	0	6	52	2	0
sga	7.692307692	92.30769231	0	0	1	12	0	0
sgh	0	66.66666667	33.33333333	0	0	4	2	0
sgr	0	52.38095238	47.61904762	0	0	11	10	0
sgu	0	100	0	0	0	64	0	0
sia	0	100	0	0	0	65	0	0
sib	22.22222222	44.44444444	33.33333333	0	2	4	3	0
sic	7.326007326	91.57509158	1.098901099	0	20	250	3	0
sie	0	100	0	0	0	23	0	0
sig	0.69124424	79.26267281	18.20276498	1.843317972	3	344	79	8
sil	0	94.57364341	5.426356589	0	0	122	7	0
sim	0	8.881578947	91.11842105	0	0	27	277	0
sin	0	75.30864198	24.69135802	0	0	183	60	0
sir	0	100	0	0	0	43	0	0
sis	3.875968992	94.57364341	1.550387597	0	5	122	2	0
sit	0	100	0	0	0	95	0	0
sla	0	100	0	0	0	10	0	0
sle	0	100	0	0	0	3	0	0
sli	0	100	0	0	0	16	0	0
slo	0	100	0	0	0	5	0	0
slu	0	100	0	0	0	17	0	0
sma	21.05263158	73.68421053	5.263157895	0	4	14	1	0
sme	0	53.94736842	46.05263158	0	0	41	35	0
smo	0	100	0	0	0	7	0	0
smu	0	20	80	0	0	1	4	0
sne	0	100	0	0	0	4	0	0
soa	0	100	0	0	0	4	0	0
soc	34.28571429	64.76190476	0.952380952	0	36	68	1	0
sod	0	100	0	0	0	58	0	0
sof	6.024096386	78.91566265	15.06024096	0	10	131	25	0
sog	0.858369099	96.99570815	2.145922747	0	2	226	5	0
sol	0.488864747	93.59043998	5.920695274	0	9	1723	109	0
som	0	92.98245614	7.01754386	0	0	53	4	0
son	0	99.00990099	0.99009901	0	0	100	1	0
sop	0	94.25981873	5.740181269	0	0	312	19	0
sor	0.425531915	91.70212766	7.872340426	0	2	431	37	0
sos	2.135231317	87.54448399	10.3202847	0	6	246	29	0
sot	2.727272727	89.09090909	8.181818182	0	15	490	45	0
sov	0	76.36363636	23.63636364	0	0	42	13	0
spa	3.86996904	87.46130031	8.66873065	0	25	565	56	0
spe	2.235772358	86.99186992	10.77235772	0	22	856	106	0
spi	5.202312139	79.19075145	15.41425819	0.192678227	27	411	80	1
spl	0	27.90697674	72.09302326	0	0	24	62	0
spo	2.631578947	83.45864662	13.90977444	0	7	222	37	0
spr	9.259259259	83.33333333	7.407407407	0	5	45	4	0
spu	12.30769231	70.76923077	16.92307692	0	8	46	11	0
squ	1.162790698	98.8372093	0	0	1	85	0	0
sss	0	100	0	0	0	6	0	0
sst	0	100	0	0	0	14	0	0
sta	2.045877247	93.18040918	4.773713577	0	33	1503	77	0
ste	0	97.82945736	2.170542636	0	0	631	14	0
sti	1.176470588	89.41176471	9.411764706	0	1	76	8	0
sto	0.215517241	85.12931034	14.65517241	0	1	395	68	0
str	1.039861352	94.71403813	4.24610052	0	12	1093	49	0
stu	2.040816327	83.67346939	14.28571429	0	7	287	49	0
sub	0.456621005	2.511415525	97.03196347	0	2	11	425	0
suc	2.160493827	91.04938272	6.790123457	0	7	295	22	0
sud	0	87.5	12.5	0	0	35	5	0
suf	0	100	0	0	0	15	0	0
sug	10.81081081	62.16216216	27.02702703	0	4	23	10	0
sul	0	100	0	0	0	674	0	0
suo	0.354767184	99.29046563	0.354767184	0	8	2239	8	0
sup	1.351351351	92.90540541	5.743243243	0	4	275	17	0
sus	16.66666667	66.66666667	16.66666667	0	6	24	6	0
sva	18.75	75	6.25	0	3	12	1	0
sve	6.722689076	87.81512605	5.462184874	0	16	209	13	0
svi	11.26760563	73.23943662	15.49295775	0	8	52	11	0
svo	7.142857143	58.57142857	34.28571429	0	5	41	24	0
svu	12.5	75	12.5	0	1	6	1	0
tab	0	100	0	0	0	28	0	0
tac	0	91.78082192	8.219178082	0	0	67	6	0
tag	4.054054054	90.54054054	5.405405405	0	6	134	8	0
tal	0	100	0	0	0	165	0	0
tam	0	95.65217391	4.347826087	0	0	22	1	0
tan	0	98.33333333	1.666666667	0	0	826	14	0
tap	0	98.11320755	1.886792453	0	0	52	1	0
tar	1.687763713	97.89029536	0.421940928	0	4	232	1	0
tas	0	100	0	0	0	80	0	0
tat	0	100	0	0	0	12	0	0
tav	0	20.42253521	79.57746479	0	0	29	113	0
tax	0	100	0	0	0	10	0	0
taz	0	100	0	0	0	41	0	0
tea	0	100	0	0	0	41	0	0
tec	0	15.68627451	84.31372549	0	0	8	43	0
ted	0	100	0	0	0	33	0	0
teg	0	35.71428571	64.28571429	0	0	5	9	0
tel	0.823045267	69.13580247	29.62962963	0.411522634	2	168	72	1
tem	0.124069479	99.25558313	0.620347395	0	1	800	5	0
ten	6.602254428	74.07407407	19.00161031	0.322061192	41	460	118	2
teo	0	100	0	0	0	19	0	0
tep	0	100	0	0	0	4	0	0
ter	0.274473925	87.64867338	11.80237877	0.274473925	3	958	129	3
tes	0	98.82154882	1.178451178	0	0	587	7	0
tet	0	100	0	0	0	97	0	0
tic	0	100	0	0	0	4	0	0
tie	0	0	100	0	0	0	18	0
tif	0	100	0	0	0	17	0	0
tig	0	100	0	0	0	68	0	0
tim	0	50	50	0	0	16	16	0
tin	0	100	0	0	0	47	0	0
tip	0	87.86127168	12.13872832	0	0	152	21	0
tir	15.38461538	73.33333333	11.28205128	0	30	143	22	0
tit	0	0	100	0	0	0	35	0
toc	13.04347826	80.43478261	6.52173913	0	18	111	9	0
tog	1.030927835	56.70103093	41.2371134	1.030927835	1	55	40	1
tom	0	97.05882353	2.941176471	0	0	33	1	0
ton	0	100	0	0	0	84	0	0
top	0	100	0	0	0	314	0	0
tor	10.23738872	83.67952522	6.083086053	0	69	564	41	0
tos	7.692307692	61.53846154	30.76923077	0	1	8	4	0
tot	0	100	0	0	0	31	0	0
toz	0	100	0	0	0	5	0	0
tra	4.144144144	80.72072072	15.13513514	0	46	896	168	0
tre	0.445103858	95.99406528	3.560830861	0	3	647	24	0
tri	13.54166667	69.79166667	16.66666667	0	26	134	32	0
tro	5.663567202	84.69991547	9.636517329	0	67	1002	114	0
tru	0	100	0	0	0	44	0	0
tsk	0	100	0	0	0	42	0	0
tub	0	100	0	0	0	28	0	0
tuf	15.78947368	65.78947368	18.42105263	0	6	25	7	0
tul	0	100	0	0	0	22	0	0
tum	0	100	0	0	0	8	0	0
tun	0	100	0	0	0	5	0	0
tuo	0	100	0	0	0	786	0	0
tur	0	88.99082569	11.00917431	0	0	97	12	0
tut	0.686416185	99.31358382	0	0	19	2749	0	0
uac	0	100	0	0	0	23	0	0
uao	0	100	0	0	0	31	0	0
uau	0	100	0	0	0	16	0	0
ubb	0	90.47619048	9.523809524	0	0	19	2	0
ubr	0	100	0	0	0	8	0	0
ucc	1.418439716	85.46099291	13.12056738	0	4	241	37	0
udi	24.05063291	67.08860759	8.860759494	0	19	53	7	0
uff	0	100	0	0	0	130	0	0
ugh	0	100	0	0	0	13	0	0
ugu	1.694915254	98.30508475	0	0	2	116	0	0
uli	0	100	0	0	0	3	0	0
ult	0	3.347280335	96.65271967	0	0	8	231	0
ulu	0	60	40	0	0	3	2	0
uma	22.66666667	77.33333333	0	0	17	58	0	0
umi	23.07692308	0	76.92307692	0	12	0	40	0
umo	10	90	0	0	1	9	0	0
un'	100	0	0	0	471	0	0	0
und	0	0	100	0	0	0	43	0
ung	0	100	0	0	0	8	0	0
uni	17.60797342	41.5282392	40.86378738	0	53	125	123	0
uno	0	100	0	0	0	869	0	0
uom	0	65.58345643	34.41654357	0	0	444	233	0
uov	0	100	0	0	0	107	0	0
ura	0	100	0	0	0	33	0	0
urb	0	100	0	0	0	11	0	0
urg	0	100	0	0	0	10	0	0
url	9.090909091	90.90909091	0	0	4	40	0	0
urr	100	0	0	0	37	0	0	0
urt	14.28571429	57.14285714	28.57142857	0	2	8	4	0
usa	4.347826087	80.43478261	15.2173913	0	12	222	42	0
usc	13.74269006	73.97660819	12.28070175	0	47	253	42	0
usi	14.28571429	85.71428571	0	0	1	6	0	0
uso	0	100	0	0	0	61	0	0
uti	1.639344262	39.3442623	59.01639344	0	2	48	72	0
uva	0	100	0	0	0	31	0	0
vac	0	100	0	0	0	98	0	0
vag	0	79.16666667	20.83333333	0	0	19	5	0
val	0.416666667	91.66666667	7.916666667	0	1	220	19	0
van	0	96.875	3.125	0	0	31	1	0
vap	4	96	0	0	2	48	0	0
var	11.20689655	82.75862069	6.034482759	0	13	96	7	0
vas	0	99.29078014	0.709219858	0	0	140	1	0
vec	0	99.52038369	0.479616307	0	0	415	2	0
ved	1.438398999	92.62038774	5.941213258	0	23	1481	95	0
veg	2.325581395	93.02325581	4.651162791	0	1	40	2	0
vei	0	0	100	0	0	0	11	0
vel	25.10288066	71.60493827	3.29218107	0	61	174	8	0
ven	5.859375	77.01822917	17.05729167	0.065104167	90	1183	262	1
ver	5.139664804	90.61452514	4.022346369	0.223463687	46	811	36	2
VER	0	99.54853273	0.451467269	0	0	441	2	0
ves	1.507537688	95.47738693	3.015075377	0	3	190	6	0
vet	0	100	0	0	0	137	0	0
via	0.280898876	99.01685393	0.702247191	0	2	705	5	0
vic	0	98.15384615	1.846153846	0	0	319	6	0
vid	0	17.64705882	82.35294118	0	0	3	14	0
vie	0	90.47619048	9.523809524	0	0	19	2	0
vig	0	58.44155844	41.55844156	0	0	45	32	0
vil	0	100	0	0	0	171	0	0
vim	0	0	100	0	0	0	7	0
vin	4.255319149	74.46808511	21.27659574	0	10	175	50	0
vio	0	98.87640449	1.123595506	0	0	88	1	0
vip	0	0	100	0	0	0	7	0
vir	0	0	100	0	0	0	17	0
vis	0.418410042	76.9874477	22.59414226	0	1	184	54	0
vit	0.224719101	97.07865169	2.696629213	0	1	432	12	0
viv	0.811688312	58.76623377	40.42207792	0	5	362	249	0
viz	0	100	0	0	0	9	0	0
voc	0	97.05882353	2.941176471	0	0	264	8	0
vog	0	100	0	0	0	56	0	0
voi	0	100	0	0	0	384	0	0
vol	3.481781377	91.74089069	4.777327935	0	86	2266	118	0
vos	0	100	0	0	0	274	0	0
vot	3.333333333	96.66666667	0	0	1	29	0	0
vul	0	63.88888889	36.11111111	0	0	23	13	0
vuo	1.298701299	97.4025974	1.298701299	0	1	75	1	0
zai	0	100	0	0	0	9	0	0
zam	4.444444444	95.55555556	0	0	2	43	0	0
zan	0	100	0	0	0	9	0	0
zap	0	100	0	0	0	5	0	0
zeb	0	100	0	0	0	5	0	0
zer	0	100	0	0	0	27	0	0
zin	0	0	100	0	0	0	7	0
zio	0	100	0	0	0	729	0	0
zit	0	100	0	0	0	47	0	0
zoc	0	0	100	0	0	0	8	0
zon	0	100	0	0	0	98	0	0
zoo	0	78.78787879	21.21212121	0	0	26	7	0
zuc	0	34.48275862	65.51724138	0	0	20	38	0
zup	0	100	0	0	0	13	0	0
