2lett	%ULT_Ty	%PULT_Ty	%APULT_Ty	%PAPULT_Ty	nULT_Ty	nPULT_Ty	nAPULT_Ty	nPAPULT_Ty
aa	NA	100	NA	NA	NA	1	NA	NA
ab	7.6271186440678	66.9491525423729	23.728813559322	1.69491525423729	9	79	28	2
ac	7.49185667752443	69.0553745928339	22.1498371335505	1.30293159609121	23	212	68	4
ad	5.8252427184466	78.6407766990291	14.5631067961165	0.970873786407767	6	81	15	1
ae	NA	50	50	NA	NA	4	4	NA
af	7.43243243243243	77.7027027027027	14.1891891891892	0.675675675675676	11	115	21	1
ag	7.14285714285714	72.4489795918367	19.3877551020408	1.02040816326531	7	71	19	1
ah	25	75	NA	NA	1	3	NA	NA
ai	6.12244897959184	67.3469387755102	26.530612244898	NA	3	33	13	NA
al	4.97512437810945	80.5970149253731	14.4278606965174	NA	10	162	29	NA
am	4.65116279069767	77.5193798449613	17.8294573643411	NA	6	100	23	NA
an	7.4468085106383	63.8297872340426	27.1276595744681	1.59574468085106	14	120	51	3
ao	NA	100	NA	NA	NA	1	NA	NA
ap	7.31707317073171	70.2439024390244	22.4390243902439	NA	15	144	46	NA
aq	NA	50	50	NA	NA	2	2	NA
ar	6.06060606060606	70.995670995671	22.5108225108225	0.432900432900433	14	164	52	1
as	4.74137931034483	77.5862068965517	17.6724137931034	NA	11	180	41	NA
at	5.06329113924051	69.620253164557	25.3164556962025	NA	8	110	40	NA
au	4.76190476190476	60.3174603174603	34.9206349206349	NA	3	38	22	NA
av	7.76255707762557	75.7990867579909	16.4383561643836	NA	17	166	36	NA
az	NA	85.7142857142857	14.2857142857143	NA	NA	12	2	NA
ba	4.74308300395257	79.0513833992095	15.8102766798419	0.395256916996047	12	200	40	1
be	4	83	13	NA	4	83	13	NA
bi	4.65116279069767	86.046511627907	9.30232558139535	NA	4	74	8	NA
bl	8.33333333333333	83.3333333333333	8.33333333333333	NA	1	10	1	NA
bo	5.26315789473684	94.7368421052632	NA	NA	3	54	NA	NA
br	7.76699029126214	69.9029126213592	22.3300970873786	NA	8	72	23	NA
bu	5.43478260869565	78.2608695652174	15.2173913043478	1.08695652173913	5	72	14	1
ca	5.96125186289121	77.645305514158	16.2444113263785	0.14903129657228	40	521	109	1
ce	5.55555555555556	69.4444444444444	25	NA	8	100	36	NA
ch	6.32911392405063	58.8607594936709	32.9113924050633	1.89873417721519	10	93	52	3
ci	6.38297872340426	76.5957446808511	16.3120567375887	0.709219858156028	9	108	23	1
cl	NA	81.8181818181818	18.1818181818182	NA	NA	18	4	NA
co	6.36435958631663	73.8265712012729	18.854415274463	0.954653937947494	80	928	237	12
cr	5.64516129032258	77.4193548387097	16.9354838709677	NA	7	96	21	NA
cu	5.71428571428571	82.8571428571429	11.4285714285714	NA	6	87	12	NA
da	4.42477876106195	64.6017699115044	28.3185840707965	2.65486725663717	5	73	32	3
de	3.84615384615385	75.7692307692308	17.6923076923077	2.69230769230769	10	197	46	7
di	4.858934169279	72.884012539185	21.7868338557994	0.470219435736677	31	465	139	3
dl	NA	100	NA	NA	NA	1	NA	NA
do	9.13705583756345	72.5888324873096	17.7664974619289	0.50761421319797	18	143	35	1
dr	NA	80	20	NA	NA	16	4	NA
du	7.5	75	17.5	NA	3	30	7	NA
eb	NA	100	NA	NA	NA	4	NA	NA
ec	NA	58.5365853658537	41.4634146341463	NA	NA	24	17	NA
ed	6.66666666666667	73.3333333333333	20	NA	1	11	3	NA
ef	NA	84.6153846153846	15.3846153846154	NA	NA	11	2	NA
eg	NA	100	NA	NA	NA	6	NA	NA
eh	50	50	NA	NA	1	1	NA	NA
el	3.125	56.25	40.625	NA	2	36	26	NA
em	5	77.5	17.5	NA	2	31	7	NA
en	6	78	16	NA	3	39	8	NA
ep	NA	60	40	NA	NA	3	2	NA
eq	NA	66.6666666666667	33.3333333333333	NA	NA	4	2	NA
er	NA	96.6666666666667	NA	3.33333333333333	NA	29	NA	1
es	4.96688741721854	71.1920529801324	23.5099337748344	0.33112582781457	15	215	71	1
et	7.69230769230769	76.9230769230769	15.3846153846154	NA	1	10	2	NA
eu	NA	100	NA	NA	NA	4	NA	NA
ev	11.4285714285714	68.5714285714286	14.2857142857143	5.71428571428571	4	24	5	2
ex	NA	100	NA	NA	NA	2	NA	NA
fa	3.54330708661417	70.0787401574803	25.1968503937008	1.18110236220472	9	178	64	3
FA	NA	100	NA	NA	NA	4	NA	NA
fe	4.20168067226891	76.4705882352941	19.327731092437	NA	5	91	23	NA
fi	5.83657587548638	75.875486381323	18.2879377431907	NA	15	195	47	NA
fl	NA	100	NA	NA	NA	5	NA	NA
fo	4.26829268292683	73.780487804878	21.9512195121951	NA	7	121	36	NA
fr	2.88461538461538	79.8076923076923	17.3076923076923	NA	3	83	18	NA
fu	5.60747663551402	85.981308411215	8.41121495327103	NA	6	92	9	NA
ga	6.15384615384615	80	13.8461538461538	NA	4	52	9	NA
ge	4.21052631578947	74.7368421052632	21.0526315789474	NA	4	71	20	NA
gh	NA	100	NA	NA	NA	18	NA	NA
gi	5.18867924528302	76.8867924528302	16.9811320754717	0.943396226415094	11	163	36	2
gl	NA	80	20	NA	NA	8	2	NA
gn	NA	100	NA	NA	NA	4	NA	NA
go	3.33333333333333	78.3333333333333	18.3333333333333	NA	2	47	11	NA
gr	3.6231884057971	81.8840579710145	14.4927536231884	NA	5	113	20	NA
gu	7.57575757575758	74.2424242424242	17.4242424242424	0.757575757575758	10	98	23	1
ho	33.3333333333333	66.6666666666667	NA	NA	1	2	NA	NA
id	10.5263157894737	52.6315789473684	36.8421052631579	NA	2	10	7	NA
ie	NA	100	NA	NA	NA	1	NA	NA
ig	10	60	30	NA	1	6	3	NA
ii	NA	100	NA	NA	NA	1	NA	NA
il	2.94117647058824	73.5294117647059	20.5882352941176	2.94117647058824	1	25	7	1
im	5.96026490066225	74.5033112582781	19.205298013245	0.33112582781457	18	225	58	1
in	5.4678007290401	74.9696233292831	18.8335358444714	0.729040097205346	45	617	155	6
io	NA	100	NA	NA	NA	1	NA	NA
ip	NA	NA	100	NA	NA	NA	2	NA
ir	14.2857142857143	78.5714285714286	NA	7.14285714285714	2	11	NA	1
is	2.08333333333333	77.0833333333333	20.8333333333333	NA	1	37	10	NA
it	NA	100	NA	NA	NA	5	NA	NA
je	NA	100	NA	NA	NA	1	NA	NA
ju	NA	100	NA	NA	NA	1	NA	NA
la	5.16431924882629	72.3004694835681	22.0657276995305	0.469483568075117	11	154	47	1
le	5.09554140127389	74.5222929936306	20.3821656050955	NA	8	117	32	NA
li	5.12820512820513	66.6666666666667	24.7863247863248	3.41880341880342	6	78	29	4
lo	2.22222222222222	82.2222222222222	15.5555555555556	NA	1	37	7	NA
lu	2.85714285714286	72.8571428571428	21.4285714285714	2.85714285714286	2	51	15	2
ma	4.16666666666667	77.2058823529412	18.1372549019608	0.490196078431373	17	315	74	2
me	4.71698113207547	64.1509433962264	29.2452830188679	1.88679245283019	10	136	62	4
mi	3.37837837837838	71.6216216216216	25	NA	5	106	37	NA
mo	5.33980582524272	75.7281553398058	17.4757281553398	1.45631067961165	11	156	36	3
mu	4.16666666666667	71.875	23.9583333333333	NA	4	69	23	NA
na	2.63157894736842	75.4385964912281	21.9298245614035	NA	3	86	25	NA
ne	12.9032258064516	82.258064516129	4.83870967741935	NA	8	51	3	NA
ni	5.88235294117647	94.1176470588235	NA	NA	1	16	NA	NA
no	6.31578947368421	81.0526315789474	12.6315789473684	NA	6	77	12	NA
nu	3.03030303030303	72.7272727272727	24.2424242424242	NA	2	48	16	NA
oa	NA	NA	100	NA	NA	NA	1	NA
ob	6.25	75	18.75	NA	1	12	3	NA
oc	5	70	23.3333333333333	1.66666666666667	3	42	14	1
od	NA	92.8571428571429	7.14285714285714	NA	NA	13	1	NA
of	2.56410256410256	76.9230769230769	20.5128205128205	NA	1	30	8	NA
og	NA	100	NA	NA	NA	6	NA	NA
oh	NA	100	NA	NA	NA	1	NA	NA
ok	NA	100	NA	NA	NA	1	NA	NA
ol	NA	57.1428571428571	42.8571428571429	NA	NA	8	6	NA
om	NA	100	NA	NA	NA	11	NA	NA
on	5.55555555555556	72.2222222222222	22.2222222222222	NA	1	13	4	NA
oo	NA	100	NA	NA	NA	3	NA	NA
op	3.33333333333333	86.6666666666667	6.66666666666667	3.33333333333333	1	26	2	1
or	2.58620689655172	78.448275862069	18.9655172413793	NA	3	91	22	NA
os	9.30232558139535	67.4418604651163	23.2558139534884	NA	8	58	20	NA
ot	5.26315789473684	71.0526315789474	23.6842105263158	NA	2	27	9	NA
ou	NA	100	NA	NA	NA	1	NA	NA
ov	NA	100	NA	NA	NA	7	NA	NA
oz	NA	100	NA	NA	NA	1	NA	NA
pa	5.05747126436782	76.7816091954023	17.2413793103448	0.919540229885057	22	334	75	4
pe	6.62983425414365	70.4419889502762	22.3756906077348	0.552486187845304	24	255	81	2
pf	NA	100	NA	NA	NA	1	NA	NA
pi	5.09803921568627	80	14.5098039215686	0.392156862745098	13	204	37	1
pl	NA	71.4285714285714	28.5714285714286	NA	NA	5	2	NA
po	4.47761194029851	65.9701492537313	28.3582089552239	1.19402985074627	15	221	95	4
pr	5.56348074179743	70.0427960057061	23.2524964336662	1.14122681883024	39	491	163	8
ps	NA	NA	100	NA	NA	NA	3	NA
pu	7.54716981132075	78.3018867924528	14.1509433962264	NA	8	83	15	NA
qu	12.987012987013	81.8181818181818	5.19480519480519	NA	10	63	4	NA
ra	7.11974110032362	72.8155339805825	19.4174757281553	0.647249190938511	22	225	60	2
re	6.5625	67.1875	25.3125	0.9375	21	215	81	3
ri	8.54353132628153	69.9755899104963	21.2367778681855	0.244100895036615	105	860	261	3
ro	5.33333333333333	78.6666666666667	16	NA	8	118	24	NA
ru	6.32911392405063	79.746835443038	13.9240506329114	NA	5	63	11	NA
sa	7.05394190871369	80.4979253112033	12.448132780083	NA	17	194	30	NA
sb	9.61538461538462	72.1153846153846	18.2692307692308	NA	10	75	19	NA
sc	5.90062111801242	71.2732919254658	22.0496894409938	0.77639751552795	38	459	142	5
sd	8.33333333333333	83.3333333333333	8.33333333333333	NA	1	10	1	NA
se	5.42005420054201	75.8807588075881	18.4281842818428	0.2710027100271	20	280	68	1
sf	7.77777777777778	75.5555555555556	16.6666666666667	NA	7	68	15	NA
sg	3.84615384615385	76.9230769230769	19.2307692307692	NA	1	20	5	NA
si	6.03448275862069	68.1034482758621	25	0.862068965517241	7	79	29	1
sl	NA	100	NA	NA	NA	8	NA	NA
sm	5.55555555555556	63.8888888888889	30.5555555555556	NA	2	23	11	NA
sn	NA	100	NA	NA	NA	2	NA	NA
so	3.78787878787879	75	21.2121212121212	NA	15	297	84	NA
sp	6.45792563600783	72.7984344422701	20.5479452054795	0.195694716242661	33	372	105	1
sq	8.33333333333333	91.6666666666667	NA	NA	1	11	NA	NA
ss	NA	100	NA	NA	NA	2	NA	NA
st	4.46650124069479	77.4193548387097	18.1141439205955	NA	18	312	73	NA
su	6.2111801242236	73.2919254658385	20.4968944099379	NA	10	118	33	NA
sv	12.7659574468085	67.0212765957447	20.2127659574468	NA	12	63	19	NA
ta	3.41880341880342	81.1965811965812	15.3846153846154	NA	4	95	18	NA
te	3.690036900369	73.4317343173432	21.4022140221402	1.4760147601476	10	199	58	4
ti	4	61.3333333333333	34.6666666666667	NA	3	46	26	NA
to	6.57894736842105	69.7368421052632	23.0263157894737	0.657894736842105	10	106	35	1
tr	6.11111111111111	75.8333333333333	18.0555555555556	NA	22	273	65	NA
ts	NA	100	NA	NA	NA	1	NA	NA
tu	4.47761194029851	82.089552238806	13.4328358208955	NA	3	55	9	NA
tv	NA	100	NA	NA	NA	1	NA	NA
ua	NA	100	NA	NA	NA	3	NA	NA
ub	NA	86.6666666666667	13.3333333333333	NA	NA	13	2	NA
uc	8	48	44	NA	2	12	11	NA
ud	6.66666666666667	73.3333333333333	20	NA	1	11	3	NA
uf	NA	100	NA	NA	NA	6	NA	NA
ug	20	80	NA	NA	1	4	NA	NA
ul	NA	50	50	NA	NA	6	6	NA
um	20	40	40	NA	3	6	6	NA
un	7.69230769230769	64.1025641025641	28.2051282051282	NA	3	25	11	NA
uo	NA	85.7142857142857	14.2857142857143	NA	NA	6	1	NA
ur	11.1111111111111	81.4814814814815	7.40740740740741	NA	3	22	2	NA
us	11.6666666666667	70	18.3333333333333	NA	7	42	11	NA
ut	11.1111111111111	50	38.8888888888889	NA	2	9	7	NA
uv	NA	100	NA	NA	NA	1	NA	NA
va	3.75	78.75	17.5	NA	3	63	14	NA
ve	6.06060606060606	75.0841750841751	17.8451178451178	1.01010101010101	18	223	53	3
VE	NA	80	20	NA	NA	4	1	NA
vi	4.1025641025641	73.3333333333333	22.5641025641026	NA	8	143	44	NA
vo	6.4	75.2	18.4	NA	8	94	23	NA
vu	6.25	62.5	31.25	NA	1	10	5	NA
za	7.69230769230769	92.3076923076923	NA	NA	1	12	NA	NA
ze	NA	100	NA	NA	NA	3	NA	NA
zi	NA	72.7272727272727	27.2727272727273	NA	NA	8	3	NA
zo	NA	42.8571428571429	57.1428571428571	NA	NA	3	4	NA
zu	NA	66.6666666666667	33.3333333333333	NA	NA	4	2	NA
