4lett	%ULT_Tk	%PULT_Tk	%APULT_Tk	%PAPULT_Tk	nULT_Tk	nPULT_Tk	nAPULT_Tk	nPAPULT_Tk
abba	6.14035087719298	83.7719298245614	10.0877192982456	0	14	191	23	0
abbe	25	75	0	0	1	3	0	0
abbi	0	100	0	0	0	4	0	0
abbo	0	100	0	0	0	24	0	0
abbr	13.7931034482759	68.9655172413793	17.2413793103448	0	4	20	5	0
abet	0	100	0	0	0	22	0	0
abil	26.9230769230769	0	73.0769230769231	0	7	0	19	0
abis	0	100	0	0	0	13	0	0
abit	0.3003003003003	54.6546546546547	41.1411411411411	3.9039039039039	1	182	137	13
abol	33.3333333333333	50	16.6666666666667	0	2	3	1	0
acac	0	100	0	0	0	7	0	0
acca	2.83400809716599	94.331983805668	2.83400809716599	0	7	233	7	0
acce	5.91397849462366	73.1182795698925	20.9677419354839	0	11	136	39	0
acch	3.2258064516129	93.5483870967742	3.2258064516129	0	1	29	1	0
acci	1.69491525423729	91.5254237288136	6.77966101694915	0	1	54	4	0
acco	7.15990453460621	77.326968973747	13.3651551312649	2.14797136038186	30	324	56	9
accr	0	0	100	0	0	0	6	0
accu	6.66666666666667	66.6666666666667	26.6666666666667	0	2	20	8	0
acet	0	100	0	0	0	4	0	0
acid	0	0	100	0	0	0	8	0
acqu	0.707213578500707	96.3224893917963	2.97029702970297	0	5	681	21	0
acro	0	100	0	0	0	5	0	0
acut	0	100	0	0	0	24	0	0
adag	6.25	87.5	6.25	0	1	14	1	0
adat	0.925925925925926	95.3703703703704	3.7037037037037	0	1	103	4	0
adde	16	80	4	0	4	20	1	0
addi	0	100	0	0	0	117	0	0
addo	10.4166666666667	88.8888888888889	0.694444444444444	0	15	128	1	0
adeg	0	100	0	0	0	5	0	0
ades	0	100	0	0	0	286	0	0
adir	0	100	0	0	0	3	0	0
adop	12.5	43.75	37.5	6.25	2	7	6	1
ador	0	88.5714285714286	11.4285714285714	0	0	31	4	0
adot	20	60	20	0	1	3	1	0
adri	0	0	100	0	0	0	9	0
adul	0	100	0	0	0	24	0	0
aere	0	0	100	0	0	0	72	0
aero	0	100	0	0	0	46	0	0
affa	1.11111111111111	95.5555555555556	3.33333333333333	0	2	172	6	0
affe	17.5	75	7.5	0	21	90	9	0
affi	31.5789473684211	61.4035087719298	5.26315789473684	1.75438596491228	18	35	3	1
affl	0	87.5	12.5	0	0	7	1	0
affo	0	85.2941176470588	14.7058823529412	0	0	29	5	0
affr	8.82352941176471	83.8235294117647	7.35294117647059	0	6	57	5	0
afri	0	100	0	0	0	14	0	0
agen	0	100	0	0	0	47	0	0
agge	0	100	0	0	0	10	0	0
aggi	5.64516129032258	77.4193548387097	16.9354838709677	0	7	96	21	0
aggr	0	90.9090909090909	9.09090909090909	0	0	10	1	0
aggu	0	100	0	0	0	10	0	0
agil	0	0	100	0	0	0	10	0
agir	0	91.6666666666667	8.33333333333333	0	0	22	2	0
agit	11.3636363636364	61.3636363636364	18.1818181818182	9.09090909090909	5	27	8	4
agli	0	100	0	0	0	7	0	0
agne	0	100	0	0	0	7	0	0
agos	0	100	0	0	0	17	0	0
agri	0	66.6666666666667	33.3333333333333	0	0	22	11	0
agru	0	100	0	0	0	2	0	0
aguz	0	100	0	0	0	9	0	0
ahim	100	0	0	0	21	0	0	0
aiuo	0	100	0	0	0	19	0	0
aiut	5.41176470588235	86.1176470588235	8.47058823529412	0	23	366	36	0
alan	0	100	0	0	0	17	0	0
alaNA	0	100	0	0	0	1	0	0
alat	0	100	0	0	0	8	0	0
albe	0	9.49554896142433	90.5044510385757	0	0	32	305	0
albu	0	100	0	0	0	13	0	0
alco	0	100	0	0	0	7	0	0
alcu	6.14973262032086	93.8502673796791	0	0	23	351	0	0
alfa	0	100	0	0	0	13	0	0
alga	0	100	0	0	0	20	0	0
alim	2.94117647058824	91.1764705882353	5.88235294117647	0	1	31	2	0
alla	7.01754385964912	87.719298245614	5.26315789473684	0	4	50	3	0
alle	0	98.314606741573	1.68539325842697	0	0	175	3	0
alli	0	100	0	0	0	12	0	0
allo	1.13636363636364	97.4025974025974	1.46103896103896	0	7	600	9	0
allu	7.89473684210526	76.3157894736842	15.7894736842105	0	3	29	6	0
alme	0	100	0	0	0	118	0	0
alpi	0	100	0	0	0	12	0	0
alqu	0	100	0	0	0	14	0	0
alta	0	100	0	0	0	21	0	0
alte	0	100	0	0	0	51	0	0
alto	0	44	56	0	0	11	14	0
altr	0	100	0	0	0	1601	0	0
altu	0	100	0	0	0	5	0	0
alun	0	100	0	0	0	30	0	0
alve	0	100	0	0	0	6	0	0
alza	2.63157894736842	68.4210526315789	28.9473684210526	0	2	52	22	0
aman	0	100	0	0	0	8	0	0
amar	1.49253731343284	71.6417910447761	26.865671641791	0	1	48	18	0
amat	0	93.75	6.25	0	0	15	1	0
ambi	0	100	0	0	0	183	0	0
ambu	0	100	0	0	0	8	0	0
amer	0	100	0	0	0	47	0	0
amic	0	99.3589743589744	0.641025641025641	0	0	620	4	0
amma	3.77358490566038	86.7924528301887	9.43396226415094	0	2	46	5	0
amme	2.94117647058824	50	47.0588235294118	0	1	17	16	0
ammi	0	93.9393939393939	6.06060606060606	0	0	31	2	0
ammo	33.3333333333333	33.3333333333333	33.3333333333333	0	2	2	2	0
ammu	4.16666666666667	79.1666666666667	16.6666666666667	0	1	19	4	0
amor	0	100	0	0	0	66	0	0
ampi	0	100	0	0	0	24	0	0
anal	0	30	70	0	0	6	14	0
anat	0	2.77777777777778	97.2222222222222	0	0	1	35	0
ance	0	100	0	0	0	9	0	0
anch	0	100	0	0	0	1407	0	0
anco	3.1390134529148	95.8146487294469	1.04633781763827	0	21	641	7	0
anda	5.93445527015058	81.2223206377325	11.6031886625332	1.2400354295837	67	917	131	14
anel	0	100	0	0	0	32	0	0
anem	0	0	100	0	0	0	5	0
anfi	0	100	0	0	0	7	0	0
anfo	0	0	100	0	0	0	4	0
ange	0	16.6666666666667	83.3333333333333	0	0	8	40	0
ango	0	6.33802816901408	93.6619718309859	0	0	9	133	0
angu	0	100	0	0	0	14	0	0
anid	0	100	0	0	0	15	0	0
anim	0.186567164179104	91.6044776119403	8.2089552238806	0	1	491	44	0
anit	0	0	100	0	0	0	14	0
anne	0	100	0	0	0	6	0	0
anno	7.14285714285714	85.7142857142857	7.14285714285714	0	1	12	1	0
annu	11.1111111111111	79.1666666666667	9.72222222222222	0	8	57	7	0
ansi	0	100	0	0	0	27	0	0
ante	0	100	0	0	0	50	0	0
anti	6.16740088105727	78.8546255506608	14.9779735682819	0	14	179	34	0
anzi	43.3333333333333	56.6666666666667	0	0	13	17	0	0
aper	0	100	0	0	0	119	0	0
apos	0	0	100	0	0	0	11	0
appa	2.95081967213115	80	17.0491803278689	0	9	244	52	0
appe	0	96.9072164948454	3.09278350515464	0	0	282	9	0
appi	0	100	0	0	0	1	0	0
appl	0	82.3529411764706	17.6470588235294	0	0	14	3	0
appo	3.6144578313253	59.0361445783133	37.3493975903614	0	3	49	31	0
appr	6.57894736842105	78.9473684210526	14.4736842105263	0	5	60	11	0
appu	0	100	0	0	0	71	0	0
apri	2.10526315789474	86.3157894736842	11.5789473684211	0	4	164	22	0
aqui	0	36.3636363636364	63.6363636363636	0	0	16	28	0
arab	0	0	100	0	0	0	20	0
aran	0	100	0	0	0	52	0	0
arbi	0	0	100	0	0	0	13	0
arbu	0	100	0	0	0	10	0	0
arch	0	54.5454545454545	45.4545454545455	0	0	6	5	0
arci	0	0	100	0	0	0	6	0
arco	0	100	0	0	0	20	0	0
arcu	0	100	0	0	0	1	0	0
arde	0	42.8571428571429	57.1428571428571	0	0	3	4	0
ardi	0	100	0	0	0	5	0	0
arge	0	100	0	0	0	54	0	0
argi	0	59.0909090909091	40.9090909090909	0	0	13	9	0
argo	0	100	0	0	0	27	0	0
arid	0	0	100	0	0	0	12	0
arie	0	100	0	0	0	8	0	0
arin	0	100	0	0	0	8	0	0
arit	0	0	100	0	0	0	7	0
arma	0	98.5507246376812	1.44927536231884	0	0	68	1	0
armo	0	100	0	0	0	2	0	0
arne	0	100	0	0	0	13	0	0
arra	19.1011235955056	64.0449438202247	14.6067415730337	2.24719101123596	17	57	13	2
arre	7.69230769230769	78.2051282051282	14.1025641025641	0	6	61	11	0
arri	7.06075533661741	83.4154351395731	9.52380952380952	0	43	508	58	0
arro	7.84313725490196	90.1960784313726	1.96078431372549	0	4	46	1	0
arru	0	92.8571428571429	7.14285714285714	0	0	13	1	0
arti	0	50	50	0	0	55	55	0
asce	0	100	0	0	0	15	0	0
asci	4.47761194029851	91.044776119403	4.47761194029851	0	3	61	3	0
asco	2.67857142857143	82.1428571428571	15.1785714285714	0	3	92	17	0
asfa	0	100	0	0	0	9	0	0
asil	0	100	0	0	0	10	0	0
asin	0	7.14285714285714	92.8571428571429	0	0	2	26	0
aspe	1.78571428571429	88.6904761904762	9.52380952380952	0	6	298	32	0
aspi	12.5	75	12.5	0	1	6	1	0
aspr	0	100	0	0	0	7	0	0
assa	2.38095238095238	94.4444444444444	3.17460317460317	0	3	119	4	0
asse	2.22222222222222	93.3333333333333	4.44444444444444	0	1	42	2	0
assi	7.05882352941176	74.1176470588235	18.8235294117647	0	6	63	16	0
asso	0	89.3129770992366	10.6870229007634	0	0	117	14	0
assu	0	78.0487804878049	21.9512195121951	0	0	32	9	0
astr	0	72.6315789473684	27.3684210526316	0	0	69	26	0
astu	0	100	0	0	0	19	0	0
atle	0	73.6842105263158	26.3157894736842	0	0	14	5	0
atmo	0	78.5714285714286	21.4285714285714	0	0	33	9	0
atom	0	0	100	0	0	0	22	0
atri	0	100	0	0	0	9	0	0
atro	0	100	0	0	0	5	0	0
atta	4	85	11	0	4	85	11	0
atte	0.518134715025907	93.5233160621762	5.95854922279793	0	2	361	23	0
atti	33.8709677419355	26.6129032258064	39.5161290322581	0	42	33	49	0
atto	0	93.2432432432432	6.75675675675676	0	0	69	5	0
attr	4.7008547008547	88.4615384615385	6.83760683760684	0	11	207	16	0
attu	0	98.1132075471698	1.88679245283019	0	0	52	1	0
augu	6	78	16	0	3	39	8	0
aume	4.65116279069767	83.7209302325581	11.6279069767442	0	2	36	5	0
auro	0	100	0	0	0	6	0	0
aust	0	100	0	0	0	19	0	0
aute	0	0	100	0	0	0	14	0
auti	0	100	0	0	0	11	0	0
auto	7.6530612244898	42.3469387755102	50	0	15	83	98	0
autu	0	100	0	0	0	48	0	0
avan	1.19760479041916	92.2155688622755	6.58682634730539	0	2	154	11	0
avar	0	100	0	0	0	10	0	0
aven	0	100	0	0	0	10	0	0
aver	0.0320821302534488	91.3699069618223	8.59801090792429	0	1	2848	268	0
avor	0	100	0	0	0	6	0	0
avve	3.21543408360129	95.8199356913183	0.964630225080386	0	10	298	3	0
avvi	20.3488372093023	62.2093023255814	17.4418604651163	0	35	107	30	0
avvo	1.81818181818182	87.2727272727273	10.9090909090909	0	1	48	6	0
azie	0	100	0	0	0	3	0	0
azio	0	100	0	0	0	69	0	0
azzu	0	98.2142857142857	1.78571428571429	0	0	110	2	0
babb	0	100	0	0	0	116	0	0
babi	0	100	0	0	0	7	0	0
baby	0	100	0	0	0	3	0	0
bacc	0	100	0	0	0	39	0	0
baci	11.9047619047619	78.5714285714286	9.52380952380952	0	5	33	4	0
baco	0	100	0	0	0	1	0	0
bada	0	82.3529411764706	17.6470588235294	0	0	14	3	0
badi	0	100	0	0	0	6	0	0
baff	0	100	0	0	0	18	0	0
baga	0	100	0	0	0	19	0	0
bagn	1.21951219512195	97.5609756097561	1.21951219512195	0	1	80	1	0
balb	25	75	0	0	2	6	0	0
balc	0	100	0	0	0	21	0	0
bald	0	100	0	0	0	2	0	0
bale	0	100	0	0	0	47	0	0
bali	0	100	0	0	0	4	0	0
ball	1.19047619047619	94.0476190476191	4.76190476190476	0	1	79	4	0
balz	27.7777777777778	61.1111111111111	11.1111111111111	0	10	22	4	0
bamb	0	95.935960591133	4.06403940886699	0	0	779	33	0
bana	0	95.6521739130435	4.34782608695652	0	0	22	1	0
banc	0	100	0	0	0	119	0	0
band	0	100	0	0	0	72	0	0
bara	0	20	80	0	0	5	20	0
barb	0	78.6666666666667	21.3333333333333	0	0	59	16	0
barc	1.04166666666667	98.9583333333333	0	0	1	95	0	0
bari	0	100	0	0	0	17	0	0
baro	0	100	0	0	0	26	0	0
barr	0	100	0	0	0	13	0	0
barz	0	100	0	0	0	18	0	0
basa	0	66.6666666666667	33.3333333333333	0	0	10	5	0
base	0	0	0	100	0	0	0	7
bask	0	100	0	0	0	11	0	0
bass	0	100	0	0	0	155	0	0
bast	7.05394190871369	89.2116182572614	3.7344398340249	0	17	215	9	0
batt	3.09278350515464	73.1958762886598	23.7113402061856	0	6	142	46	0
batu	0	0	100	0	0	0	3	0
baul	0	100	0	0	0	12	0	0
beat	0	100	0	0	0	16	0	0
becc	1.73913043478261	95.6521739130435	2.60869565217391	0	2	110	3	0
befa	0	100	0	0	0	13	0	0
bell	0	85.1735015772871	14.8264984227129	0	0	540	94	0
belv	0	100	0	0	0	11	0	0
benc	100	0	0	0	18	0	0	0
bene	0	40.9638554216867	59.0361445783133	0	0	34	49	0
bens	100	0	0	0	6	0	0	0
bent	0	100	0	0	0	7	0	0
benv	0	100	0	0	0	15	0	0
benz	0	100	0	0	0	24	0	0
bere	2.27272727272727	72.7272727272727	25	0	1	32	11	0
berr	0	100	0	0	0	36	0	0
bers	0	100	0	0	0	9	0	0
best	0	100	0	0	0	69	0	0
betu	0	100	0	0	0	11	0	0
beva	0	100	0	0	0	43	0	0
bian	0	99.2452830188679	0.754716981132076	0	0	263	2	0
bibb	0	100	0	0	0	5	0	0
bibi	0	0	100	0	0	0	4	0
bibl	0	100	0	0	0	13	0	0
bicc	6.38297872340426	93.6170212765958	0	0	3	44	0	0
bici	0	100	0	0	0	32	0	0
bide	0	100	0	0	0	3	0	0
bido	0	100	0	0	0	10	0	0
bigi	0	100	0	0	0	5	0	0
bigl	0	100	0	0	0	61	0	0
bign	100	0	0	0	3	0	0	0
bila	0	100	0	0	0	21	0	0
bimb	0	100	0	0	0	72	0	0
bina	0	100	0	0	0	15	0	0
bion	0	94.4444444444444	5.55555555555556	0	0	17	1	0
birb	0	100	0	0	0	2	0	0
biri	0	100	0	0	0	11	0	0
birr	0	100	0	0	0	10	0	0
bisb	42.8571428571429	42.8571428571429	14.2857142857143	0	3	3	1	0
bisc	0	100	0	0	0	26	0	0
bisn	0	100	0	0	0	9	0	0
biso	4.98338870431894	95.0166112956811	0	0	15	286	0	0
bist	0	90.9090909090909	9.09090909090909	0	0	20	2	0
bizz	0	100	0	0	0	9	0	0
bloc	4	92	4	0	1	23	1	0
bocc	0	100	0	0	0	165	0	0
boll	2.7027027027027	97.2972972972973	0	0	1	36	0	0
bomb	0	100	0	0	0	35	0	0
bont	100	0	0	0	18	0	0	0
borb	31.5789473684211	68.4210526315789	0	0	6	13	0	0
bord	0	100	0	0	0	66	0	0
bore	0	100	0	0	0	7	0	0
borr	0	100	0	0	0	4	0	0
bors	0	100	0	0	0	27	0	0
bosc	0	100	0	0	0	196	0	0
bott	0	100	0	0	0	126	0	0
brac	0	100	0	0	0	122	0	0
bran	0	100	0	0	0	60	0	0
brav	0	92.0454545454545	7.95454545454545	0	0	162	14	0
bret	0	100	0	0	0	6	0	0
brev	0	96	4	0	0	72	3	0
brez	0	100	0	0	0	7	0	0
bric	0	40	60	0	0	8	12	0
brig	0	100	0	0	0	5	0	0
bril	2.27272727272727	81.8181818181818	15.9090909090909	0	1	36	7	0
brin	13.3333333333333	73.3333333333333	13.3333333333333	0	2	11	2	0
brit	0	0	100	0	0	0	7	0
briv	0	0	100	0	0	0	13	0
briz	0	100	0	0	0	3	0	0
broc	0	100	0	0	0	7	0	0
brod	0	100	0	0	0	9	0	0
bron	15.1515151515152	60.6060606060606	24.2424242424242	0	5	20	8	0
bruc	7.40740740740741	81.4814814814815	11.1111111111111	0	4	44	6	0
brun	0	100	0	0	0	33	0	0
brus	0	100	0	0	0	9	0	0
brut	0	98.9247311827957	1.0752688172043	0	0	92	1	0
buan	0	100	0	0	0	13	0	0
buca	0	92	8	0	0	23	2	0
bucc	0	100	0	0	0	13	0	0
buco	0	100	0	0	0	20	0	0
budi	0	100	0	0	0	9	0	0
bufa	0	0	100	0	0	0	5	0
bufe	0	100	0	0	0	7	0	0
buff	0	100	0	0	0	26	0	0
bugi	0	100	0	0	0	26	0	0
buon	0	99.4397759103641	0.560224089635854	0	0	355	2	0
bura	0	100	0	0	0	22	0	0
burr	0	100	0	0	0	31	0	0
busc	20	80	0	0	1	4	0	0
buss	29.6296296296296	40.7407407407407	29.6296296296296	0	8	11	8	0
bust	0	100	0	0	0	19	0	0
butt	11.1111111111111	80.2469135802469	7.40740740740741	1.23456790123457	9	65	6	1
cabi	0	100	0	0	0	14	0	0
caca	0	100	0	0	0	5	0	0
cacc	4.02298850574713	92.5287356321839	3.44827586206897	0	7	161	6	0
cact	0	100	0	0	0	5	0	0
cade	1.46341463414634	82.9268292682927	15.609756097561	0	3	170	32	0
cadu	0	100	0	0	0	22	0	0
caff	70.7692307692308	29.2307692307692	0	0	46	19	0	0
cala	10.3448275862069	75.8620689655172	13.7931034482759	0	3	22	4	0
calc	0.666666666666667	75.3333333333333	24	0	1	113	36	0
cald	0	97.1428571428571	2.85714285714286	0	0	136	4	0
cale	0	100	0	0	0	7	0	0
cali	0	0	100	0	0	0	7	0
calm	2.88461538461538	87.5	9.61538461538462	0	3	91	10	0
calo	0	100	0	0	0	42	0	0
calp	0	80	20	0	0	4	1	0
calz	1.72413793103448	96.551724137931	1.72413793103448	0	1	56	1	0
camb	8.7378640776699	83.495145631068	7.76699029126214	0	18	172	16	0
came	0	32	68	0	0	24	51	0
cami	0	100	0	0	0	112	0	0
camm	2	88.6666666666667	9.33333333333333	0	3	133	14	0
camp	0	99.7690531177829	0.23094688221709	0	0	432	1	0
cana	0	100	0	0	0	34	0	0
canc	6.52173913043478	93.4782608695652	0	0	3	43	0	0
cand	0	70.4545454545455	29.5454545454545	0	0	31	13	0
cane	0	100	0	0	0	41	0	0
cang	0	100	0	0	0	5	0	0
cani	0	100	0	0	0	12	0	0
cann	0	100	0	0	0	38	0	0
cano	0	100	0	0	0	8	0	0
cant	5.97014925373134	85.5721393034826	8.45771144278607	0	12	172	17	0
canz	0	100	0	0	0	92	0	0
capa	33.1168831168831	66.2337662337662	0.649350649350649	0	51	102	1	0
cape	0	100	0	0	0	86	0	0
capi	1.95729537366548	85.9430604982206	12.0996441281139	0	11	483	68	0
capo	4.16666666666667	91.6666666666667	4.16666666666667	0	1	22	1	0
capp	0	100	0	0	0	117	0	0
capr	0	100	0	0	0	36	0	0
cara	0	22.463768115942	77.536231884058	0	0	31	107	0
carb	0	77.0491803278689	22.9508196721311	0	0	47	14	0
carc	0	0	100	0	0	0	3	0
card	0	100	0	0	0	20	0	0
care	0	100	0	0	0	17	0	0
cari	16.8224299065421	27.1028037383178	55.1401869158878	0.934579439252336	18	29	59	1
carn	0	93.6842105263158	6.31578947368421	0	0	89	6	0
caro	0	61.2903225806452	38.7096774193548	0	0	19	12	0
carp	0	100	0	0	0	5	0	0
carr	0	89.4308943089431	10.5691056910569	0	0	110	13	0
cart	0	100	0	0	0	306	0	0
casa	0	100	0	0	0	54	0	0
casc	10.7142857142857	89.2857142857143	0	0	6	50	0	0
case	0	100	0	0	0	20	0	0
cass	0	100	0	0	0	111	0	0
cast	0	100	0	0	0	122	0	0
cata	0	0	100	0	0	0	10	0
cate	0	100	0	0	0	54	0	0
cati	0	100	0	0	0	5	0	0
catt	1.96078431372549	84.9673202614379	13.0718954248366	0	3	130	20	0
caus	1.63934426229508	96.7213114754098	1.63934426229508	0	1	59	1	0
caut	0	100	0	0	0	3	0	0
cava	0.409836065573771	94.2622950819672	5.32786885245902	0	1	230	13	0
cave	0	100	0	0	0	23	0	0
cavi	76.1904761904762	23.8095238095238	0	0	16	5	0	0
cavo	0	0	100	0	0	0	9	0
cede	13.3333333333333	40	46.6666666666667	0	2	6	7	0
cedr	0	100	0	0	0	7	0	0
cele	1.2987012987013	70.1298701298701	28.5714285714286	0	1	54	22	0
cell	0	25.531914893617	74.468085106383	0	0	12	35	0
ceme	0	100	0	0	0	11	0	0
cena	0	50	50	0	0	3	3	0
cene	0	0	100	0	0	0	12	0
cenn	0	100	0	0	0	14	0	0
cens	0	100	0	0	0	11	0	0
cent	0	82.8337874659401	17.1662125340599	0	0	304	63	0
cepp	0	100	0	0	0	5	0	0
cera	0	0	100	0	0	0	3	0
cerb	0	100	0	0	0	9	0	0
cerc	6.66666666666667	82.7586206896552	10.5747126436782	0	29	360	46	0
cere	0	100	0	0	0	8	0	0
ceri	0	100	0	0	0	21	0	0
cert	0	100	0	0	0	539	0	0
cerv	0	100	0	0	0	78	0	0
cesp	0	100	0	0	0	37	0	0
cess	28	40	32	0	7	10	8	0
cest	0	100	0	0	0	72	0	0
chia	5.23255813953488	82.703488372093	12.0639534883721	0	36	569	83	0
chic	0	100	0	0	0	14	0	0
chie	2.86396181384248	73.0310262529833	23.1503579952267	0.954653937947494	12	306	97	4
chil	0	40.4411764705882	59.5588235294118	0	0	55	81	0
chim	0	0	100	0	0	0	21	0
chin	47.6190476190476	38.0952380952381	14.2857142857143	0	10	8	3	0
chio	0	72.7272727272727	27.2727272727273	0	0	32	12	0
chir	0	100	0	0	0	5	0	0
chis	100	0	0	0	98	0	0	0
chit	0	100	0	0	0	11	0	0
chiu	0.483091787439614	85.024154589372	14.4927536231884	0	1	176	30	0
ciam	0	100	0	0	0	9	0	0
cias	20	80	0	0	17	68	0	0
ciba	0	0	100	0	0	0	4	0
cica	0	100	0	0	0	17	0	0
cicc	0	100	0	0	0	10	0	0
cicl	0	100	0	0	0	18	0	0
cico	0	100	0	0	0	16	0	0
ciec	0	100	0	0	0	7	0	0
ciel	0	100	0	0	0	253	0	0
cifr	0	100	0	0	0	25	0	0
cigl	0	100	0	0	0	13	0	0
cign	0	100	0	0	0	11	0	0
cili	0	100	0	0	0	51	0	0
cimi	0	100	0	0	0	7	0	0
cine	0	47.2727272727273	52.7272727272727	0	0	26	29	0
cing	2.77777777777778	88.8888888888889	8.33333333333333	0	1	32	3	0
cinq	3.6231884057971	96.3768115942029	0	0	5	133	0	0
cint	0	100	0	0	0	11	0	0
cioc	0	100	0	0	0	45	0	0
ciot	0	0	100	0	0	0	21	0
cipo	0	100	0	0	0	12	0	0
cipr	0	100	0	0	0	9	0	0
circ	0	83.9590443686007	14.6757679180887	1.36518771331058	0	246	43	4
cita	25	50	25	0	2	4	2	0
citt	92.0096852300242	7.99031476997579	0	0	380	33	0	0
ciuf	0	100	0	0	0	21	0	0
cive	0	100	0	0	0	5	0	0
civi	67.1875	31.25	1.5625	0	43	20	1	0
clac	0	100	0	0	0	3	0	0
clan	0	100	0	0	0	23	0	0
clas	0	84.7328244274809	15.2671755725191	0	0	111	20	0
clie	0	100	0	0	0	37	0	0
clim	0	100	0	0	0	35	0	0
clor	0	100	0	0	0	1	0	0
cobr	0	100	0	0	0	1	0	0
cocc	10.2803738317757	89.7196261682243	0	0	11	96	0	0
coda	100	0	0	0	1	0	0	0
codi	0	12.5	87.5	0	0	2	14	0
cofa	0	100	0	0	0	2	0	0
cogl	0	29.5454545454545	70.4545454545455	0	0	13	31	0
cogn	0	100	0	0	0	10	0	0
coin	0	40	60	0	0	2	3	0
cola	0	100	0	0	0	28	0	0
coll	0.946372239747634	90.2208201892744	6.62460567823344	2.20820189274448	3	286	21	7
colm	0	100	0	0	0	14	0	0
colo	5.39419087136929	92.1161825726141	2.4896265560166	0	26	444	12	0
colp	3.89105058365759	86.3813229571984	9.72762645914397	0	10	222	25	0
colt	0	92.6829268292683	7.31707317073171	0	0	76	6	0
colu	0	100	0	0	0	26	0	0
coma	1.63934426229508	95.0819672131148	3.27868852459016	0	1	58	2	0
comb	6.25	72.9166666666667	20.8333333333333	0	6	70	20	0
come	0	100	0	0	0	9	0	0
comi	28.5285285285285	54.3543543543543	17.1171171171171	0	95	181	57	0
comm	5.26315789473684	87.9699248120301	6.76691729323308	0	7	117	9	0
como	13.0434782608696	17.3913043478261	69.5652173913043	0	6	8	32	0
comp	2.46389124893798	85.3865760407816	11.7247238742566	0.424808836023789	29	1005	138	5
comu	6.30630630630631	86.4864864864865	3.6036036036036	3.6036036036036	14	192	8	8
conc	1.55440414507772	89.1191709844559	9.32642487046632	0	3	172	18	0
cond	0.847457627118644	94.0677966101695	5.08474576271187	0	1	111	6	0
conf	5.4726368159204	84.5771144278607	9.95024875621891	0	11	170	20	0
cong	0	95.2380952380952	4.76190476190476	0	0	20	1	0
coni	0	92.3076923076923	6.92307692307692	0.769230769230769	0	120	9	1
cono	0.578034682080925	70.5202312138728	28.9017341040462	0	2	244	100	0
conq	3.27868852459016	85.2459016393443	11.4754098360656	0	2	52	7	0
cons	4.81586402266289	85.2691218130312	9.34844192634561	0.56657223796034	17	301	33	2
cont	3.86266094420601	92.618025751073	2.91845493562232	0.600858369098712	45	1079	34	7
conv	5.8252427184466	70.873786407767	23.3009708737864	0	6	73	24	0
cope	0	100	0	0	0	87	0	0
copi	0	96.6666666666667	3.33333333333333	0	0	29	1	0
copp	0	100	0	0	0	62	0	0
copr	6.77966101694915	83.0508474576271	10.1694915254237	0	4	49	6	0
cora	0	97.8260869565217	2.17391304347826	0	0	135	3	0
cord	0	100	0	0	0	90	0	0
cori	9.09090909090909	27.2727272727273	63.6363636363636	0	1	3	7	0
corn	0	100	0	0	0	23	0	0
coro	0	100	0	0	0	40	0	0
corp	0	100	0	0	0	172	0	0
corr	0	75	25	0	0	366	122	0
cors	0	100	0	0	0	170	0	0
cort	0	100	0	0	0	128	0	0
corv	0	100	0	0	0	43	0	0
cosa	0	100	0	0	0	21	0	0
cosc	0	100	0	0	0	6	0	0
cosi	0	100	0	0	0	15	0	0
cosm	0	0	100	0	0	0	10	0
cosp	0	63.6363636363636	36.3636363636364	0	0	7	4	0
cost	3.62976406533575	85.8439201451906	10.5263157894737	0	20	473	58	0
coto	0	100	0	0	0	9	0	0
cott	0	100	0	0	0	12	0	0
cova	20	80	0	0	1	4	0	0
cozz	0	100	0	0	0	1	0	0
cran	0	100	0	0	0	11	0	0
crat	0	100	0	0	0	6	0	0
crav	0	100	0	0	0	8	0	0
crea	1.08695652173913	94.5652173913043	4.34782608695652	0	1	87	4	0
cred	0.66006600660066	78.5478547854785	20.7920792079208	0	2	238	63	0
crem	0	100	0	0	0	9	0	0
crep	0	100	0	0	0	6	0	0
cres	1.25	55	43.75	0	2	88	70	0
cret	0	100	0	0	0	9	0	0
cric	0	100	0	0	0	7	0	0
crin	0	100	0	0	0	5	0	0
cris	0	100	0	0	0	52	0	0
croc	0	100	0	0	0	34	0	0
crol	42.8571428571429	57.1428571428571	0	0	3	4	0	0
cron	0	0	100	0	0	0	23	0
cros	0	100	0	0	0	33	0	0
cruc	0	100	0	0	0	10	0	0
crud	28	72	0	0	7	18	0	0
cucc	0	27.7227722772277	72.2772277227723	0	0	28	73	0
cuci	0.980392156862745	95.0980392156863	3.92156862745098	0	1	97	4	0
cuff	0	100	0	0	0	5	0	0
cugi	0	100	0	0	0	64	0	0
cull	0	100	0	0	0	17	0	0
cult	0	100	0	0	0	43	0	0
cumu	0	0	100	0	0	0	5	0
cuoc	0	69.2307692307692	30.7692307692308	0	0	36	16	0
cuoi	0	100	0	0	0	7	0	0
cuor	0	100	0	0	0	161	0	0
cura	0	83.3333333333333	16.6666666666667	0	0	20	4	0
curi	44	56	0	0	33	42	0	0
curv	0	100	0	0	0	14	0	0
cusc	0	100	0	0	0	15	0	0
cust	0	100	0	0	0	29	0	0
dado	0	100	0	0	0	4	0	0
dain	0	66.6666666666667	33.3333333333333	0	0	4	2	0
dami	0	100	0	0	0	4	0	0
dann	1.88679245283019	94.3396226415094	3.77358490566038	0	1	50	2	0
danz	2.7027027027027	81.0810810810811	16.2162162162162	0	1	30	6	0
dapp	0	100	0	0	0	40	0	0
dare	0.328947368421053	75	23.6842105263158	0.986842105263158	1	228	72	3
dava	0	100	0	0	0	195	0	0
davv	0	100	0	0	0	202	0	0
debi	0	31.25	68.75	0	0	5	11	0
debo	0	20.5882352941176	79.4117647058823	0	0	7	27	0
deca	0	0	100	0	0	0	19	0
dece	0	100	0	0	0	7	0	0
deci	0.386100386100386	77.2200772200772	22.3938223938224	0	1	200	58	0
deco	11.5384615384615	84.6153846153846	3.84615384615385	0	3	22	1	0
dedi	2.38095238095238	73.8095238095238	19.047619047619	4.76190476190476	1	31	8	2
defi	2.08333333333333	93.75	4.16666666666667	0	1	45	2	0
defu	0	100	0	0	0	7	0	0
degn	0	100	0	0	0	15	0	0
delf	0	100	0	0	0	17	0	0
deli	0	100	0	0	0	59	0	0
delt	0	100	0	0	0	9	0	0
delu	0	86.2068965517241	13.7931034482759	0	0	25	4	0
demo	0	0	100	0	0	0	12	0
dena	0	6.66666666666667	93.3333333333333	0	0	5	70	0
dens	34.7826086956522	65.2173913043478	0	0	8	15	0	0
dent	0	100	0	0	0	308	0	0
depo	0	40.2597402597403	49.3506493506493	10.3896103896104	0	31	38	8
deri	0	82.1428571428571	17.8571428571429	0	0	23	5	0
deru	0	100	0	0	0	14	0	0
desc	0	75.2380952380952	22.8571428571429	1.9047619047619	0	79	24	2
dese	0	100	0	0	0	58	0	0
desi	1.03092783505155	61.8556701030928	32.9896907216495	4.12371134020619	1	60	32	4
deso	0	100	0	0	0	9	0	0
dest	2.08333333333333	97.2222222222222	0.694444444444444	0	3	140	1	0
dete	2.38095238095238	78.5714285714286	11.9047619047619	7.14285714285714	1	33	5	3
detr	0	100	0	0	0	7	0	0
dett	0	100	0	0	0	18	0	0
deva	0	83.3333333333333	16.6666666666667	0	0	5	1	0
diab	0	0	100	0	0	0	6	0
dial	0	17.3913043478261	82.6086956521739	0	0	4	19	0
diam	0	100	0	0	0	39	0	0
diar	0	100	0	0	0	16	0	0
diav	0	3.57142857142857	96.4285714285714	0	0	1	27	0
dice	0	100	0	0	0	30	0	0
dich	5.26315789473684	94.7368421052632	0	0	1	18	0	0
dici	0	100	0	0	0	11	0	0
dida	0	0	100	0	0	0	8	0
diec	0	100	0	0	0	122	0	0
diet	0	100	0	0	0	152	0	0
difa	0	100	0	0	0	9	0	0
dife	0	60	40	0	0	51	34	0
diff	10.9649122807018	49.1228070175439	39.9122807017544	0	25	112	91	0
diga	0	100	0	0	0	3	0	0
dige	0	100	0	0	0	19	0	0
dign	100	0	0	0	7	0	0	0
dila	25	75	0	0	1	3	0	0
dili	0	100	0	0	0	6	0	0
dilu	0	100	0	0	0	6	0	0
dima	20	80	0	0	1	4	0	0
dime	6.25	81.8181818181818	11.3636363636364	0.568181818181818	11	144	20	1
dimi	9.09090909090909	81.8181818181818	9.09090909090909	0	1	9	1	0
dimo	12.6984126984127	76.1904761904762	9.52380952380952	1.58730158730159	8	48	6	1
dina	0	66.6666666666667	33.3333333333333	0	0	10	5	0
dino	0	100	0	0	0	14	0	0
dint	0	100	0	0	0	8	0	0
dipe	0	75	25	0	0	9	3	0
dipi	0	70	30	0	0	28	12	0
dipl	0	100	0	0	0	4	0	0
dire	0	91.3746630727763	8.62533692722372	0	0	1356	128	0
diri	0	83.7606837606838	16.2393162393162	0	0	98	19	0
diro	0	100	0	0	0	4	0	0
disa	0	100	0	0	0	30	0	0
disb	0	100	0	0	0	3	0	0
disc	0	79.8816568047337	20.1183431952663	0	0	135	34	0
dise	2.22222222222222	92.5925925925926	5.18518518518519	0	6	250	14	0
disf	0	77.7777777777778	22.2222222222222	0	0	7	2	0
disg	0	100	0	0	0	29	0	0
diso	0	33.3333333333333	66.6666666666667	0	0	6	12	0
disp	0.454545454545455	91.8181818181818	7.27272727272727	0.454545454545455	1	202	16	1
diss	20	80	0	0	1	4	0	0
dist	0.626959247648903	81.5047021943574	17.8683385579937	0	2	260	57	0
disu	0	100	0	0	0	3	0	0
dito	0	100	0	0	0	2	0	0
ditt	0	100	0	0	0	7	0	0
diva	0	100	0	0	0	10	0	0
dive	6.4968152866242	83.5668789808917	9.93630573248408	0	51	656	78	0
divi	0.884955752212389	81.4159292035398	17.6991150442478	0	1	92	20	0
divo	14.2857142857143	85.7142857142857	0	0	4	24	0	0
docc	0	100	0	0	0	8	0	0
doci	0	0	100	0	0	0	3	0
docu	0	100	0	0	0	31	0	0
dodi	0	0	100	0	0	0	53	0
dolc	0	93.8271604938272	6.17283950617284	0	0	152	10	0
dole	33.3333333333333	50	16.6666666666667	0	2	3	1	0
doll	0	4.16666666666667	95.8333333333333	0	0	4	92	0
dolo	0	100	0	0	0	31	0	0
doma	13.968253968254	81.9047619047619	4.12698412698413	0	44	258	13	0
dome	0	0	100	0	0	0	82	0
domi	0	79.4117647058823	17.6470588235294	2.94117647058824	0	27	6	1
dona	8.33333333333333	70.8333333333333	20.8333333333333	0	2	17	5	0
dond	0	44	56	0	0	11	14	0
donn	0	100	0	0	0	168	0	0
dopp	0	100	0	0	0	17	0	0
dora	0	100	0	0	0	23	0	0
dorm	5.52995391705069	82.9493087557604	11.5207373271889	0	12	180	25	0
dors	0	100	0	0	0	14	0	0
doss	0	100	0	0	0	5	0	0
dota	0	100	0	0	0	28	0	0
dott	33.3333333333333	66.6666666666667	0	0	19	38	0	0
dove	7.78523489932886	76.3758389261745	15.8389261744966	0	58	569	118	0
dovu	0	100	0	0	0	19	0	0
dozz	0	100	0	0	0	16	0	0
drag	0	100	0	0	0	15	0	0
dram	0	36.3636363636364	63.6363636363636	0	0	4	7	0
drii	0	100	0	0	0	10	0	0
drit	0	100	0	0	0	19	0	0
driz	0	100	0	0	0	5	0	0
drog	0	91.6666666666667	8.33333333333333	0	0	11	1	0
dubb	0	100	0	0	0	36	0	0
dubi	10	50	40	0	1	5	4	0
duca	0	100	0	0	0	5	0	0
duec	0	100	0	0	0	30	0	0
duem	0	100	0	0	0	19	0	0
dunq	0	100	0	0	0	113	0	0
duom	0	100	0	0	0	8	0	0
dura	2.06896551724138	94.4827586206897	3.44827586206897	0	3	137	5	0
duro	0	0	100	0	0	0	3	0
ebbe	0	100	0	0	0	32	0	0
ebre	0	100	0	0	0	14	0	0
ecce	0	78.3783783783784	21.6216216216216	0	0	58	16	0
ecci	0	100	0	0	0	16	0	0
ecco	0	0	100	0	0	0	201	0
ecli	0	100	0	0	0	10	0	0
ecol	0	53.3333333333333	46.6666666666667	0	0	8	7	0
econ	0	40.9090909090909	59.0909090909091	0	0	9	13	0
eder	0	0	100	0	0	0	7	0
edic	0	0	100	0	0	0	13	0
edif	0	100	0	0	0	23	0	0
ediz	0	100	0	0	0	21	0	0
educ	2.85714285714286	97.1428571428571	0	0	1	34	0	0
effe	0	98.6842105263158	1.31578947368421	0	0	75	1	0
effi	0	88.8888888888889	11.1111111111111	0	0	8	1	0
egiz	0	100	0	0	0	23	0	0
egoi	0	100	0	0	0	5	0	0
ehil	100	0	0	0	5	0	0	0
elas	0	0	100	0	0	0	8	0
elef	0	100	0	0	0	83	0	0
eleg	0	75.609756097561	24.390243902439	0	0	31	10	0
elem	0	95.4198473282443	4.58015267175572	0	0	125	6	0
elen	0	95.5555555555556	4.44444444444444	0	0	43	2	0
elet	11.25	7.5	81.25	0	9	6	65	0
elev	0	93.3333333333333	6.66666666666667	0	0	14	1	0
elez	0	100	0	0	0	6	0	0
elic	0	0	100	0	0	0	11	0
elim	5.55555555555556	77.7777777777778	16.6666666666667	0	1	14	3	0
eman	20	60	20	0	1	3	1	0
emer	0	90.3225806451613	9.67741935483871	0	0	28	3	0
emet	0	73.0769230769231	26.9230769230769	0	0	19	7	0
emig	0	93.75	6.25	0	0	15	1	0
emis	0	100	0	0	0	7	0	0
emoz	2.63157894736842	94.7368421052632	2.63157894736842	0	1	36	1	0
enci	0	100	0	0	0	11	0	0
ener	0	88.4615384615385	11.5384615384615	0	0	69	9	0
enig	0	100	0	0	0	8	0	0
enor	0	100	0	0	0	85	0	0
entr	13.5204081632653	78.3163265306122	8.16326530612245	0	53	307	32	0
entu	0	100	0	0	0	39	0	0
enun	0	100	0	0	0	14	0	0
epis	0	100	0	0	0	15	0	0
epoc	0	0	100	0	0	0	37	0
eppu	0	100	0	0	0	44	0	0
equi	0	82.8947368421053	17.1052631578947	0	0	63	13	0
erba	0	100	0	0	0	15	0	0
erbo	0	100	0	0	0	9	0	0
ered	0	93.3333333333333	0	6.66666666666667	0	14	0	1
erme	0	100	0	0	0	5	0	0
erod	0	100	0	0	0	12	0	0
eroi	0	100	0	0	0	3	0	0
eros	0	100	0	0	0	7	0	0
erro	0	100	0	0	0	39	0	0
eruz	0	100	0	0	0	7	0	0
esag	0	84.2105263157895	15.7894736842105	0	0	16	3	0
esam	6.66666666666667	93.3333333333333	0	0	2	28	0	0
esat	0	100	0	0	0	92	0	0
esau	8.33333333333333	91.6666666666667	0	0	1	11	0	0
esch	0	100	0	0	0	7	0	0
escl	45.7364341085271	47.2868217054264	6.97674418604651	0	59	61	9	0
esec	0	100	0	0	0	8	0	0
eseg	12.1951219512195	78.0487804878049	9.75609756097561	0	5	32	4	0
esem	0	100	0	0	0	217	0	0
eser	1.25	63.75	32.5	2.5	1	51	26	2
esib	18.1818181818182	54.5454545454545	27.2727272727273	0	2	6	3	0
esig	0	94.1176470588235	5.88235294117647	0	0	16	1	0
esil	0	100	0	0	0	4	0	0
esis	1.93548387096774	56.1290322580645	41.9354838709677	0	3	87	65	0
esit	19.2307692307692	65.3846153846154	15.3846153846154	0	5	17	4	0
espa	0	91.304347826087	8.69565217391304	0	0	21	2	0
espe	0	98.2142857142857	1.78571428571429	0	0	110	2	0
espl	5.40540540540541	86.4864864864865	8.10810810810811	0	2	32	3	0
espo	6.25	81.25	12.5	0	1	13	2	0
espr	0	76.3440860215054	23.6559139784946	0	0	71	22	0
esse	0	55.4206662902315	44.5793337097685	0	0	1963	1579	0
esta	0	100	0	0	0	108	0	0
este	0	77.5	22.5	0	0	62	18	0
esti	4	80	16	0	1	20	4	0
estr	18.2926829268293	65.8536585365854	15.8536585365854	0	15	54	13	0
eter	0	100	0	0	0	9	0	0
etic	0	100	0	0	0	7	0	0
etru	0	100	0	0	0	48	0	0
etto	0	0	100	0	0	0	17	0
euro	0	100	0	0	0	37	0	0
evad	25	25	50	0	1	1	2	0
evap	0	46.1538461538462	34.6153846153846	19.2307692307692	0	12	9	5
even	0	100	0	0	0	14	0	0
evid	0	100	0	0	0	43	0	0
evit	6.52173913043478	67.3913043478261	21.7391304347826	4.34782608695652	3	31	10	2
evol	0	85	15	0	0	17	3	0
evvi	0	100	0	0	0	58	0	0
extr	0	100	0	0	0	6	0	0
fabb	1.20481927710843	43.3734939759036	51.8072289156626	3.6144578313253	1	36	43	3
facc	0	100	0	0	0	117	0	0
fach	0	100	0	0	0	6	0	0
faci	3.42465753424658	19.1780821917808	76.7123287671233	0.684931506849315	5	28	112	1
faco	100	0	0	0	6	0	0	0
fagi	0	100	0	0	0	4	0	0
fago	0	100	0	0	0	7	0	0
falc	6.25	93.75	0	0	1	15	0	0
fale	0	100	0	0	0	18	0	0
fall	0	100	0	0	0	25	0	0
FALS	0	100	0	0	0	35	0	0
fami	0	100	0	0	0	201	0	0
famo	0	98.7179487179487	1.28205128205128	0	0	77	1	0
fanc	0	100	0	0	0	66	0	0
fang	0	100	0	0	0	22	0	0
fann	0	100	0	0	0	4	0	0
fant	0	58.75	41.25	0	0	94	66	0
fara	0	100	0	0	0	27	0	0
fare	0	90.1693063899508	9.77607864554888	0.0546149645002731	0	1651	179	1
farf	0	100	0	0	0	70	0	0
fari	0	100	0	0	0	29	0	0
farm	0	100	0	0	0	11	0	0
fasc	0	69.4444444444444	30.5555555555556	0	0	25	11	0
fast	0	100	0	0	0	16	0	0
fata	0	100	0	0	0	18	0	0
fati	0	98.936170212766	1.06382978723404	0	0	93	1	0
fatt	0	100	0	0	0	187	0	0
faun	0	100	0	0	0	2	0	0
favo	2.42424242424242	59.3939393939394	38.1818181818182	0	4	98	63	0
fazz	0	100	0	0	0	26	0	0
febb	0	100	0	0	0	23	0	0
fede	0	92.3076923076923	7.69230769230769	0	0	24	2	0
fega	0	0	100	0	0	0	15	0
feli	14.7239263803681	85.2760736196319	0	0	24	139	0	0
felp	0	100	0	0	0	1	0	0
felt	0	100	0	0	0	10	0	0
femm	0	46.5116279069767	53.4883720930233	0	0	20	23	0
feni	0	100	0	0	0	12	0	0
feno	0	0	100	0	0	0	24	0
feri	0	93.1818181818182	6.81818181818182	0	0	41	3	0
ferm	11.5151515151515	78.1818181818182	10.3030303030303	0	38	258	34	0
fero	0	92.5925925925926	7.40740740740741	0	0	25	2	0
ferr	0	100	0	0	0	94	0	0
fess	0	100	0	0	0	9	0	0
fest	0	89.9280575539568	10.0719424460432	0	0	125	14	0
fett	0	100	0	0	0	22	0	0
fiab	0	100	0	0	0	24	0	0
fiam	0	77.6119402985075	22.3880597014925	0	0	52	15	0
fian	0	100	0	0	0	60	0	0
fias	0	100	0	0	0	8	0	0
fiat	0	100	0	0	0	30	0	0
fibr	0	100	0	0	0	10	0	0
ficc	36.3636363636364	54.5454545454545	9.09090909090909	0	4	6	1	0
fico	0	100	0	0	0	5	0	0
fida	4.76190476190476	83.3333333333333	11.9047619047619	0	2	35	5	0
fidu	0	100	0	0	0	21	0	0
fien	0	100	0	0	0	11	0	0
fier	0	97.3684210526316	2.63157894736842	0	0	37	1	0
figl	0.374531835205993	99.625468164794	0	0	1	266	0	0
figu	0	82.1782178217822	17.8217821782178	0	0	83	18	0
fila	1.78571428571429	94.6428571428571	3.57142857142857	0	1	53	2	0
fili	0	100	0	0	0	8	0	0
film	0	100	0	0	0	2	0	0
filo	0	0	100	0	0	0	5	0
filt	0	87.5	12.5	0	0	7	1	0
fina	0	100	0	0	0	191	0	0
finc	100	0	0	0	58	0	0	0
fine	0	100	0	0	0	176	0	0
fing	2.77777777777778	61.1111111111111	36.1111111111111	0	1	22	13	0
fini	3.71428571428571	88	8.28571428571428	0	13	308	29	0
fino	0	94.4444444444444	5.55555555555556	0	0	17	1	0
fint	0	100	0	0	0	21	0	0
fioc	0	100	0	0	0	19	0	0
fion	0	100	0	0	0	8	0	0
fior	0	98.5714285714286	1.42857142857143	0	0	276	4	0
firm	12.5	79.1666666666667	8.33333333333333	0	3	19	2	0
fisc	14.2857142857143	83.9285714285714	1.78571428571429	0	8	47	1	0
fisi	0	0	100	0	0	0	31	0
fiss	12.1621621621622	68.9189189189189	18.9189189189189	0	9	51	14	0
fitt	0	92.5925925925926	7.40740740740741	0	0	25	2	0
fium	0	99.2805755395683	0.719424460431655	0	0	138	1	0
fiut	0	100	0	0	0	10	0	0
flas	0	100	0	0	0	10	0	0
flau	0	100	0	0	0	16	0	0
flor	0	100	0	0	0	10	0	0
flot	0	100	0	0	0	9	0	0
fluo	0	100	0	0	0	1	0	0
foca	0	100	0	0	0	4	0	0
foco	0	100	0	0	0	6	0	0
fode	0	0	100	0	0	0	7	0
fogl	0	100	0	0	0	230	0	0
foll	0	100	0	0	0	37	0	0
folt	0	100	0	0	0	18	0	0
fond	0.558659217877095	92.7374301675978	6.70391061452514	0	1	166	12	0
font	0	100	0	0	0	50	0	0
fora	0	100	0	0	0	11	0	0
forb	0	0	100	0	0	0	7	0
forc	0	100	0	0	0	10	0	0
fore	0	100	0	0	0	132	0	0
form	1.2	78.8	20	0	6	394	100	0
forn	2.5974025974026	85.7142857142857	11.6883116883117	0	2	66	9	0
foro	0	100	0	0	0	2	0	0
fors	0	100	0	0	0	342	0	0
fort	0	98.3516483516484	1.64835164835165	0	0	358	6	0
forz	0	100	0	0	0	245	0	0
fosf	0	100	0	0	0	2	0	0
foss	0	46.8085106382979	53.1914893617021	0	0	22	25	0
foto	1.17647058823529	68.2352941176471	30.5882352941176	0	1	58	26	0
frac	0	100	0	0	0	7	0	0
frad	0	0	100	0	0	0	8	0
frag	0	12.962962962963	87.037037037037	0	0	7	47	0
fram	0	100	0	0	0	16	0	0
fran	0	100	0	0	0	93	0	0
fras	0	100	0	0	0	190	0	0
frat	0	100	0	0	0	214	0	0
fraz	0	100	0	0	0	14	0	0
frec	0	100	0	0	0	50	0	0
fred	0	98.0519480519481	1.94805194805195	0	0	151	3	0
freg	33.3333333333333	66.6666666666667	0	0	1	2	0	0
fren	0	100	0	0	0	18	0	0
freq	0	90.6976744186046	9.30232558139535	0	0	39	4	0
fres	0	100	0	0	0	78	0	0
fret	0	100	0	0	0	84	0	0
frig	0	27.7777777777778	72.2222222222222	0	0	5	13	0
frit	0	100	0	0	0	15	0	0
friz	0	100	0	0	0	5	0	0
fron	0	100	0	0	0	79	0	0
frot	0	0	100	0	0	0	6	0
frug	10	90	0	0	1	9	0	0
frum	0	100	0	0	0	13	0	0
frus	0	100	0	0	0	5	0	0
frut	0	95.2	4.8	0	0	119	6	0
fuci	0	100	0	0	0	11	0	0
fuga	0	100	0	0	0	4	0	0
fugg	13.7614678899083	75.2293577981651	11.0091743119266	0	15	82	12	0
fulm	5.88235294117647	23.5294117647059	70.5882352941177	0	1	4	12	0
fuma	0	93.3333333333333	6.66666666666667	0	0	14	1	0
fume	0	100	0	0	0	61	0	0
fune	0	100	0	0	0	11	0	0
fung	0	100	0	0	0	44	0	0
funi	0	100	0	0	0	3	0	0
funz	2.38095238095238	88.8888888888889	8.73015873015873	0	3	112	11	0
fuoc	0	100	0	0	0	161	0	0
fuor	0	100	0	0	0	327	0	0
furb	0	95.4545454545455	4.54545454545455	0	0	21	1	0
furf	0	100	0	0	0	17	0	0
furg	0	100	0	0	0	18	0	0
furi	0	100	0	0	0	52	0	0
furt	0	100	0	0	0	19	0	0
fust	0	100	0	0	0	18	0	0
futu	0	100	0	0	0	55	0	0
gabb	0	100	0	0	0	74	0	0
gabi	0	100	0	0	0	3	0	0
gala	0	100	0	0	0	25	0	0
gale	0	100	0	0	0	9	0	0
gall	0.892857142857143	95.5357142857143	3.57142857142857	0	1	107	4	0
galo	13.3333333333333	86.6666666666667	0	0	2	13	0	0
gamb	0	89.6969696969697	10.3030303030303	0	0	148	17	0
gara	5.26315789473684	84.2105263157895	10.5263157894737	0	1	16	2	0
gare	14.2857142857143	71.4285714285714	14.2857142857143	0	1	5	1	0
garo	0	0	100	0	0	0	6	0
gatt	0	100	0	0	0	265	0	0
gela	0	100	0	0	0	46	0	0
geli	0	0	100	0	0	0	12	0
gelo	0	100	0	0	0	17	0	0
geme	0	96.969696969697	3.03030303030303	0	0	32	1	0
gemm	0	100	0	0	0	11	0	0
gene	2.97029702970297	55.9405940594059	41.0891089108911	0	6	113	83	0
geni	0	100	0	0	0	114	0	0
genn	0	100	0	0	0	24	0	0
gent	0	98.6970684039088	1.30293159609121	0	0	303	4	0
geog	0	43.1818181818182	56.8181818181818	0	0	19	25	0
geom	0	100	0	0	0	2	0	0
germ	0	100	0	0	0	23	0	0
gess	0	100	0	0	0	8	0	0
gest	0	100	0	0	0	35	0	0
gett	24.0963855421687	59.0361445783133	16.8674698795181	0	20	49	14	0
ghep	0	100	0	0	0	5	0	0
ghia	0	100	0	0	0	74	0	0
ghir	0	100	0	0	0	28	0	0
giac	0	94.7368421052632	5.26315789473684	0	0	54	3	0
gial	0	100	0	0	0	146	0	0
giap	0	100	0	0	0	22	0	0
giar	0	100	0	0	0	172	0	0
giga	0	100	0	0	0	83	0	0
gigl	0	100	0	0	0	14	0	0
ginn	0	0	100	0	0	0	18	0
gino	0	100	0	0	0	28	0	0
gioc	1.47540983606557	90.1639344262295	8.36065573770492	0	9	550	51	0
gioi	0	100	0	0	0	113	0	0
gior	0	100	0	0	0	1141	0	0
gios	0	100	0	0	0	8	0	0
giov	10.7317073170732	18.5365853658537	70.7317073170732	0	22	38	145	0
gira	1	85	14	0	1	85	14	0
gire	0	100	0	0	0	3	0	0
giri	0	100	0	0	0	4	0	0
giro	0	87.5	12.5	0	0	14	2	0
giub	0	100	0	0	0	1	0	0
giud	0	50	48.4375	1.5625	0	32	31	1
giug	0	100	0	0	0	28	0	0
giun	0	76.510067114094	23.489932885906	0	0	114	35	0
giur	4.16666666666667	83.3333333333333	12.5	0	1	20	3	0
gius	0	98.5507246376812	0.966183574879227	0.483091787439614	0	204	2	1
glac	0	100	0	0	0	8	0	0
glie	0	100	0	0	0	19	0	0
glob	0	0	100	0	0	0	17	0
glor	0	100	0	0	0	21	0	0
gnoc	0	100	0	0	0	2	0	0
gnom	0	100	0	0	0	48	0	0
gobb	0	100	0	0	0	8	0	0
gocc	0	100	0	0	0	63	0	0
gode	9.52380952380952	76.1904761904762	14.2857142857143	0	2	16	3	0
golf	0	100	0	0	0	14	0	0
golo	0	100	0	0	0	23	0	0
gomi	0	0	100	0	0	0	30	0
gomm	0	100	0	0	0	33	0	0
gond	0	0	100	0	0	0	2	0
gonf	5.55555555555556	88.8888888888889	5.55555555555556	0	2	32	2	0
gonn	0	100	0	0	0	12	0	0
gori	0	100	0	0	0	9	0	0
gove	0	97.4358974358974	2.56410256410256	0	0	38	1	0
grac	0	76.9230769230769	23.0769230769231	0	0	10	3	0
grad	0	93.0434782608696	6.95652173913043	0	0	107	8	0
graf	0	90	10	0	0	9	1	0
gram	0	60	40	0	0	27	18	0
gran	0.891089108910891	97.9207920792079	1.18811881188119	0	9	989	12	0
grap	0	7.69230769230769	92.3076923076923	0	0	1	12	0
gras	0	100	0	0	0	64	0	0
grat	8.33333333333333	87.5	4.16666666666667	0	4	42	2	0
grav	15.3846153846154	76.9230769230769	7.69230769230769	0	8	40	4	0
graz	0	99.6563573883162	0.343642611683849	0	0	290	1	0
grec	0	100	0	0	0	70	0	0
greg	0	100	0	0	0	7	0	0
grem	0	100	0	0	0	20	0	0
grez	0	100	0	0	0	7	0	0
grid	32.1782178217822	59.4059405940594	8.41584158415842	0	65	120	17	0
grig	0	100	0	0	0	49	0	0
gril	0	100	0	0	0	11	0	0
gron	0	100	0	0	0	1	0	0
grop	0	100	0	0	0	6	0	0
gros	0	100	0	0	0	215	0	0
grot	0	100	0	0	0	44	0	0
grrr	0	100	0	0	0	14	0	0
grup	0	100	0	0	0	104	0	0
guad	2.04081632653061	91.8367346938776	6.12244897959184	0	1	45	3	0
guai	0	100	0	0	0	23	0	0
guan	0	100	0	0	0	36	0	0
guar	8.03212851405623	83.4002677376171	8.29986613119143	0.267737617135207	60	623	62	2
guas	12.5	81.25	6.25	0	2	13	1	0
guer	0	100	0	0	0	129	0	0
guid	1.69491525423729	94.9152542372881	3.38983050847458	0	1	56	2	0
guin	0	100	0	0	0	7	0	0
gusc	0	100	0	0	0	19	0	0
gust	0	95.6521739130435	4.34782608695652	0	0	44	2	0
hobb	0	100	0	0	0	7	0	0
hote	100	0	0	0	10	0	0	0
idea	0	100	0	0	0	33	0	0
iden	53.3333333333333	0	46.6666666666667	0	8	0	7	0
idol	0	0	100	0	0	0	4	0
idro	0	0	100	0	0	0	9	0
igie	0	0	100	0	0	0	5	0
igna	0	100	0	0	0	6	0	0
igno	14.2857142857143	71.4285714285714	14.2857142857143	0	1	5	1	0
illu	2.36686390532544	85.7988165680473	9.46745562130178	2.36686390532544	4	145	16	4
imba	5.55555555555556	77.7777777777778	16.6666666666667	0	3	42	9	0
imbi	0	100	0	0	0	7	0	0
imbo	14.2857142857143	85.7142857142857	0	0	1	6	0	0
imbr	0	100	0	0	0	27	0	0
imit	0	73.9130434782609	17.3913043478261	8.69565217391304	0	17	4	2
imma	0.558659217877095	44.1340782122905	55.3072625698324	0	1	79	99	0
imme	1.05263157894737	94.7368421052632	4.21052631578947	0	1	90	4	0
immi	0	100	0	0	0	6	0	0
immo	0	12.5	87.5	0	0	3	21	0
impa	3.78378378378378	87.5675675675676	8.64864864864865	0	7	162	16	0
impe	2	80.5	17.5	0	4	161	35	0
impi	5.19480519480519	92.2077922077922	2.5974025974026	0	4	71	2	0
impl	14.2857142857143	57.1428571428571	28.5714285714286	0	1	4	2	0
impo	0	75.7188498402556	24.2811501597444	0	0	237	76	0
impr	1.42857142857143	97.1428571428571	1.42857142857143	0	3	204	3	0
impu	0	94.4444444444444	5.55555555555556	0	0	17	1	0
inau	0	100	0	0	0	11	0	0
inca	0.78740157480315	62.2047244094488	36.2204724409449	0.78740157480315	1	79	46	1
ince	2.5	95	2.5	0	1	38	1	0
inch	2.22222222222222	88.8888888888889	8.88888888888889	0	1	40	4	0
inci	0	94.9152542372881	5.08474576271187	0	0	56	3	0
inco	15.2777777777778	70.3703703703704	14.3518518518519	0	33	152	31	0
incr	0	26.8292682926829	73.1707317073171	0	0	22	60	0
incu	0	30.7692307692308	69.2307692307692	0	0	8	18	0
inda	2.77777777777778	36.1111111111111	61.1111111111111	0	1	13	22	0
inde	0	100	0	0	0	3	0	0
indi	3.7037037037037	64.1975308641975	31.0699588477366	1.02880658436214	18	312	151	5
indo	3.77358490566038	88.6792452830189	7.54716981132075	0	4	94	8	0
indu	0	100	0	0	0	59	0	0
infa	0	96.0199004975124	3.98009950248756	0	0	193	8	0
infe	0	100	0	0	0	58	0	0
infi	4.82758620689655	91.0344827586207	4.13793103448276	0	7	132	6	0
infl	0	100	0	0	0	10	0	0
info	2.66666666666667	92	5.33333333333333	0	2	69	4	0
infr	0	80	20	0	0	4	1	0
infu	23.5294117647059	76.4705882352941	0	0	4	13	0	0
inga	0	100	0	0	0	9	0	0
inge	9.67741935483871	90.3225806451613	0	0	3	28	0	0
ingh	13.3333333333333	86.6666666666667	0	0	2	13	0	0
ingi	10.5263157894737	68.4210526315789	21.0526315789474	0	2	13	4	0
ingl	0	100	0	0	0	95	0	0
ingo	0	94.1176470588235	5.88235294117647	0	0	16	1	0
ingr	0	96.2025316455696	3.79746835443038	0	0	76	3	0
inin	0	100	0	0	0	5	0	0
iniz	5.88235294117647	88.8235294117647	5.29411764705882	0	10	151	9	0
inna	6.55737704918033	85.2459016393443	8.19672131147541	0	4	52	5	0
inne	0	100	0	0	0	3	0	0
inno	0	60	40	0	0	9	6	0
inol	1.69491525423729	91.5254237288136	6.77966101694915	0	1	54	4	0
inon	0	100	0	0	0	6	0	0
inqu	0	95.2380952380952	4.76190476190476	0	0	20	1	0
insa	0	100	0	0	0	13	0	0
inse	6.06060606060606	82.6839826839827	11.2554112554113	0	14	191	26	0
insi	0.865800865800866	97.8354978354978	1.2987012987013	0	2	226	3	0
inso	0	74.4897959183673	25.5102040816327	0	0	73	25	0
inst	0	100	0	0	0	7	0	0
insu	25	75	0	0	1	3	0	0
inta	0	100	0	0	0	162	0	0
inte	1.08695652173913	92.8571428571429	5.90062111801242	0.15527950310559	7	598	38	1
inti	5.55555555555556	50	44.4444444444444	0	1	9	8	0
into	1.10497237569061	94.475138121547	4.41988950276243	0	2	171	8	0
intr	0	84.1269841269841	15.8730158730159	0	0	53	10	0
intu	16.6666666666667	75	8.33333333333333	0	2	9	1	0
inut	0	8.92857142857143	91.0714285714286	0	0	5	51	0
inva	0	89.2857142857143	10.7142857142857	0	0	50	6	0
inve	0.382409177820268	98.2791586998088	1.33843212237094	0	2	514	7	0
invi	6.47058823529412	76.4705882352941	17.0588235294118	0	11	130	29	0
inzu	0	100	0	0	0	3	0	0
ipot	0	0	100	0	0	0	27	0
ippo	0	0	100	0	0	0	8	0
irre	0	100	0	0	0	13	0	0
irri	20	70	0	10	2	7	0	1
iscr	3.33333333333333	60	36.6666666666667	0	1	18	11	0
isol	0	14.2857142857143	85.7142857142857	0	0	21	126	0
ispe	0	100	0	0	0	4	0	0
ispi	0	100	0	0	0	13	0	0
issa	0	66.6666666666667	33.3333333333333	0	0	6	3	0
ista	0	100	0	0	0	51	0	0
isti	0	100	0	0	0	20	0	0
istr	0	100	0	0	0	35	0	0
ital	0	100	0	0	0	86	0	0
itin	0	100	0	0	0	8	0	0
jean	0	100	0	0	0	4	0	0
jung	0	100	0	0	0	8	0	0
labb	0	100	0	0	0	28	0	0
labi	0	100	0	0	0	8	0	0
labo	0	100	0	0	0	21	0	0
lacc	0	100	0	0	0	3	0	0
lace	0	0	100	0	0	0	5	0
lacr	0	3.44827586206897	96.551724137931	0	0	1	28	0
ladr	0	100	0	0	0	82	0	0
lagg	100	0	0	0	44	0	0	0
lago	0	100	0	0	0	26	0	0
lagu	0	100	0	0	0	9	0	0
lame	4.76190476190476	85.7142857142857	9.52380952380952	0	2	36	4	0
lami	0	100	0	0	0	2	0	0
lamp	0	66.6666666666667	33.3333333333333	0	0	64	32	0
lanc	12.5	75	12.5	0	15	90	15	0
lant	0	100	0	0	0	8	0	0
larg	0	100	0	0	0	73	0	0
lasa	0	100	0	0	0	1	0	0
lasc	12.6491646778043	69.2124105011933	17.8997613365155	0.238663484486874	53	290	75	1
lase	0	100	0	0	0	15	0	0
lass	100	0	0	0	48	0	0	0
last	0	100	0	0	0	10	0	0
late	0	100	0	0	0	4	0	0
lati	0	100	0	0	0	30	0	0
latt	0	94.392523364486	5.60747663551402	0	0	101	6	0
lava	0	93.4426229508197	6.55737704918033	0	0	57	4	0
lavo	0.217864923747277	94.3355119825708	5.44662309368192	0	1	433	25	0
leal	0	100	0	0	0	6	0	0
lecc	20.8333333333333	62.5	16.6666666666667	0	5	15	4	0
lega	0	86.2068965517241	13.7931034482759	0	0	75	12	0
legg	0.441501103752759	74.8344370860927	24.7240618101545	0	2	339	112	0
legi	0	100	0	0	0	15	0	0
legn	0	96.4601769911504	3.53982300884956	0	0	109	4	0
lent	0	97.8494623655914	2.1505376344086	0	0	91	2	0
lenz	0	100	0	0	0	11	0	0
leon	0	100	0	0	0	88	0	0
leop	0	100	0	0	0	7	0	0
lepr	0	100	0	0	0	47	0	0
lest	0	100	0	0	0	8	0	0
leta	0	100	0	0	0	9	0	0
leti	0	100	0	0	0	3	0	0
lett	0	60.3658536585366	39.6341463414634	0	0	198	130	0
leva	7.5	77.5	15	0	3	31	6	0
levr	0	100	0	0	0	7	0	0
lezi	0	100	0	0	0	60	0	0
libe	17.3684210526316	32.1052631578947	49.4736842105263	1.05263157894737	33	61	94	2
libr	0	100	0	0	0	149	0	0
lice	0	100	0	0	0	23	0	0
liet	0	100	0	0	0	28	0	0
liev	0	100	0	0	0	18	0	0
limi	5.71428571428571	48.5714285714286	37.1428571428571	8.57142857142857	2	17	13	3
limo	16.6666666666667	83.3333333333333	0	0	3	15	0	0
limp	0	0	100	0	0	0	15	0
linc	0	100	0	0	0	3	0	0
line	0	0	100	0	0	0	61	0
ling	0	91.6030534351145	8.3969465648855	0	0	120	11	0
liqu	0	5.66037735849057	94.3396226415094	0	0	3	50	0
lisc	0	100	0	0	0	32	0	0
list	0	100	0	0	0	9	0	0
liti	0	64.2857142857143	17.8571428571429	17.8571428571429	0	18	5	5
litr	0	100	0	0	0	34	0	0
live	0	100	0	0	0	39	0	0
loca	23.2142857142857	76.7857142857143	0	0	13	43	0	0
loco	0	100	0	0	0	7	0	0
loda	0	100	0	0	0	4	0	0
logi	0	0	100	0	0	0	18	0
lomb	0	100	0	0	0	12	0	0
long	0	100	0	0	0	15	0	0
lont	0	98.5645933014354	1.43540669856459	0	0	206	3	0
lott	0	91.304347826087	8.69565217391304	0	0	63	6	0
lucc	0	43.2432432432432	54.0540540540541	2.7027027027027	0	16	20	1
luce	0	48.5714285714286	51.4285714285714	0	0	17	18	0
luci	5	15	75	5	1	3	15	1
lugl	0	100	0	0	0	32	0	0
luma	0	100	0	0	0	22	0	0
lumi	0	96.7741935483871	3.2258064516129	0	0	30	1	0
luna	0	100	0	0	0	7	0	0
lune	100	0	0	0	25	0	0	0
lung	0	97.1698113207547	2.83018867924528	0	0	515	15	0
luog	0	100	0	0	0	128	0	0
lupe	0	100	0	0	0	1	0	0
lupo	0	100	0	0	0	5	0	0
luss	0	100	0	0	0	21	0	0
macc	0	24.2574257425743	75.7425742574257	0	0	49	153	0
mace	0	100	0	0	0	5	0	0
mada	0	100	0	0	0	14	0	0
mado	0	100	0	0	0	6	0	0
madr	0	100	0	0	0	149	0	0
maes	11.875	88.125	0	0	19	141	0	0
maga	0	100	0	0	0	65	0	0
magg	29.2993630573248	70.7006369426752	0	0	46	111	0	0
magi	0	16.1764705882353	83.8235294117647	0	0	22	114	0
magl	0	100	0	0	0	33	0	0
magn	0	0	100	0	0	0	54	0
mago	0	100	0	0	0	4	0	0
magr	0	94.5945945945946	5.40540540540541	0	0	35	2	0
maia	0	100	0	0	0	24	0	0
mala	0	100	0	0	0	75	0	0
male	0	100	0	0	0	28	0	0
mali	0	77.7777777777778	22.2222222222222	0	0	14	4	0
malt	0	87.5	12.5	0	0	7	1	0
malv	0	100	0	0	0	18	0	0
mamm	0	91.6824196597353	8.31758034026465	0	0	485	44	0
manc	4.13793103448276	80	15.8620689655172	0	6	116	23	0
mand	8.82352941176471	58.0882352941177	32.3529411764706	0.735294117647059	12	79	44	1
mang	6.37119113573407	80.6094182825485	13.0193905817175	0	23	291	47	0
mani	1.11111111111111	80	18.8888888888889	0	1	72	17	0
mano	0	85.7142857142857	14.2857142857143	0	0	12	2	0
mant	0	94.1176470588235	5.88235294117647	0	0	64	4	0
manu	0	100	0	0	0	11	0	0
mapp	0	100	0	0	0	20	0	0
mara	0	100	0	0	0	4	0	0
marc	0	97.7941176470588	2.20588235294118	0	0	133	3	0
mare	0	100	0	0	0	15	0	0
marg	0	91.304347826087	8.69565217391304	0	0	42	4	0
mari	0	96.09375	3.90625	0	0	123	5	0
marm	0	100	0	0	0	51	0	0
marr	5.55555555555556	94.4444444444444	0	0	1	17	0	0
mart	47.6190476190476	52.3809523809524	0	0	10	11	0	0
marz	0	100	0	0	0	22	0	0
masc	0	88.4210526315789	11.5789473684211	0	0	84	11	0
mass	0	64.2105263157895	35.7894736842105	0	0	61	34	0
mast	0	72.2222222222222	11.1111111111111	16.6666666666667	0	13	2	3
mate	0	81.6666666666667	18.3333333333333	0	0	98	22	0
mati	0	100	0	0	0	27	0	0
matr	0	100	0	0	0	29	0	0
matt	0	100	0	0	0	273	0	0
matu	0	93.3333333333333	6.66666666666667	0	0	28	2	0
mazz	0	100	0	0	0	26	0	0
mecc	0	36.8421052631579	63.1578947368421	0	0	7	12	0
meda	0	100	0	0	0	9	0	0
mede	0	0	100	0	0	0	20	0
medi	0.45662100456621	78.0821917808219	21.4611872146119	0	1	171	47	0
medu	0	100	0	0	0	13	0	0
megl	0	100	0	0	0	251	0	0
memb	0	100	0	0	0	14	0	0
memo	0	79.4117647058823	20.5882352941176	0	0	27	7	0
mena	42.8571428571429	42.8571428571429	14.2857142857143	0	3	3	1	0
mend	0	100	0	0	0	8	0	0
mens	0	50	50	0	0	4	4	0
ment	0.540540540540541	99.4594594594595	0	0	2	368	0	0
mera	2.4	96	1.6	0	3	120	2	0
merc	11.8110236220472	88.1889763779528	0	0	15	112	0	0
mere	0	100	0	0	0	22	0	0
meri	0	55.4347826086957	43.4782608695652	1.08695652173913	0	51	40	1
merl	0	100	0	0	0	18	0	0
mesc	0	45.4545454545455	27.2727272727273	27.2727272727273	0	5	3	3
mese	0	100	0	0	0	1	0	0
mess	0	100	0	0	0	66	0	0
mest	0	100	0	0	0	28	0	0
meta	0	57.4468085106383	42.5531914893617	0	0	27	20	0
meto	0	0	100	0	0	0	20	0
metr	0	95.3703703703704	4.62962962962963	0	0	206	10	0
mett	2.3489932885906	58.5570469798658	38.758389261745	0.335570469798658	14	349	231	2
mezz	0	100	0	0	0	265	0	0
miag	0	36.3636363636364	63.6363636363636	0	0	4	7	0
mici	0	100	0	0	0	16	0	0
micr	0	40	60	0	0	8	12	0
miel	0	100	0	0	0	24	0	0
miet	0	50	50	0	0	1	1	0
migl	8.10810810810811	90.990990990991	0.900900900900901	0	18	202	2	0
mili	0	99.4708994708995	0.529100529100529	0	0	188	1	0
mill	0	88.135593220339	11.864406779661	0	0	104	14	0
mime	0	100	0	0	0	3	0	0
mimo	0	100	0	0	0	3	0	0
mina	4.16666666666667	79.1666666666667	16.6666666666667	0	2	38	8	0
mine	0	100	0	0	0	56	0	0
mini	0	51.7857142857143	48.2142857142857	0	0	58	54	0
mino	0	100	0	0	0	18	0	0
minu	0	80.3468208092486	19.6531791907514	0	0	139	34	0
mira	0	0	100	0	0	0	20	0
mirt	0	100	0	0	0	12	0	0
misc	0	100	0	0	0	6	0	0
mise	0	52.1739130434783	47.8260869565217	0	0	12	11	0
miss	0	88.6363636363636	11.3636363636364	0	0	39	5	0
mist	0	100	0	0	0	118	0	0
misu	0	91.4529914529915	8.54700854700855	0	0	107	10	0
miti	0	0	100	0	0	0	7	0
mobi	0	0	100	0	0	0	28	0
mode	0	97.9381443298969	2.06185567010309	0	0	95	2	0
modi	0	72.7272727272727	13.6363636363636	13.6363636363636	0	16	3	3
mogl	0	100	0	0	0	69	0	0
mola	0	100	0	0	0	11	0	0
mole	0	0	100	0	0	0	4	0
moll	3.57142857142857	92.8571428571429	3.57142857142857	0	1	26	1	0
molt	0	95.3445065176909	4.65549348230912	0	0	1024	50	0
mome	0	100	0	0	0	300	0	0
mond	0	100	0	0	0	429	0	0
mone	0	100	0	0	0	79	0	0
mono	0	100	0	0	0	2	0	0
mont	1.12781954887218	98.8721804511278	0	0	3	263	0	0
monu	0	100	0	0	0	13	0	0
mora	0	100	0	0	0	14	0	0
morb	0	0	100	0	0	0	31	0
mord	0	61.5384615384615	38.4615384615385	0	0	8	5	0
mori	9.75609756097561	77.2357723577236	13.0081300813008	0	12	95	16	0
morm	48.6486486486487	29.7297297297297	18.9189189189189	2.7027027027027	18	11	7	1
mors	0	90.9090909090909	0	9.09090909090909	0	10	0	1
mort	0	100	0	0	0	134	0	0
mosc	0	100	0	0	0	66	0	0
moss	0	100	0	0	0	7	0	0
most	6.07734806629834	86.7403314917127	7.18232044198895	0	11	157	13	0
moti	0	100	0	0	0	52	0	0
moto	0	100	0	0	0	40	0	0
movi	0	100	0	0	0	88	0	0
mozz	0	100	0	0	0	3	0	0
mucc	0	100	0	0	0	61	0	0
mugn	0	100	0	0	0	11	0	0
muli	0	100	0	0	0	17	0	0
mult	0	100	0	0	0	18	0	0
mumm	0	100	0	0	0	4	0	0
mung	0	25	75	0	0	1	3	0
muni	0	100	0	0	0	15	0	0
muov	0.578034682080925	41.6184971098266	57.8034682080925	0	1	72	100	0
mura	0	100	0	0	0	18	0	0
muro	0	100	0	0	0	3	0	0
musc	0	19.1780821917808	80.8219178082192	0	0	14	59	0
muse	0	100	0	0	0	43	0	0
musi	0	29.6703296703297	70.3296703296703	0	0	27	64	0
muso	0	100	0	0	0	11	0	0
muta	14.2857142857143	67.8571428571429	17.8571428571429	0	4	19	5	0
nann	0	100	0	0	0	15	0	0
nano	0	50	50	0	0	1	1	0
napo	0	100	0	0	0	11	0	0
narc	0	100	0	0	0	13	0	0
nari	0	100	0	0	0	5	0	0
narr	0	94.7368421052632	5.26315789473684	0	0	18	1	0
nasc	2.18068535825545	63.8629283489097	33.9563862928349	0	7	205	109	0
naso	0	100	0	0	0	5	0	0
nast	0	100	0	0	0	32	0	0
nata	0	100	0	0	0	136	0	0
natu	0	100	0	0	0	217	0	0
nava	0	100	0	0	0	2	0	0
navi	0	90.625	9.375	0	0	58	6	0
nazi	0	100	0	0	0	59	0	0
nean	2.5974025974026	97.4025974025974	0	0	2	75	0	0
nebb	0	100	0	0	0	37	0	0
nece	18.4210526315789	81.5789473684211	0	0	14	62	0	0
nega	10	90	0	0	1	9	0	0
nego	0	100	0	0	0	82	0	0
negr	0	100	0	0	0	20	0	0
nemi	0	100	0	0	0	45	0	0
nemm	0.952380952380952	99.0476190476191	0	0	1	104	0	0
neon	0	100	0	0	0	13	0	0
nepp	1.81818181818182	98.1818181818182	0	0	1	54	0	0
nerv	0	100	0	0	0	28	0	0
ness	16.6666666666667	83.0729166666667	0.260416666666667	0	64	319	1	0
nett	0	0	100	0	0	0	8	0
nevi	0	66.6666666666667	33.3333333333333	0	0	12	6	0
nien	1.62337662337662	98.3766233766234	0	0	5	303	0	0
ninf	0	100	0	0	0	14	0	0
nipo	0	100	0	0	0	90	0	0
niun	0	100	0	0	0	6	0	0
nobi	0	2.63157894736842	97.3684210526316	0	0	1	37	0
nocc	0	70.5882352941177	29.4117647058824	0	0	12	5	0
noci	0	100	0	0	0	2	0	0
noio	0	100	0	0	0	15	0	0
nole	0	100	0	0	0	7	0	0
nomi	4.34782608695652	82.6086956521739	13.0434782608696	0	1	19	3	0
nonc	100	0	0	0	7	0	0	0
nonn	0	100	0	0	0	249	0	0
nono	0	100	0	0	0	31	0	0
norm	0	97.5609756097561	2.4390243902439	0	0	40	1	0
nost	0	100	0	0	0	707	0	0
nota	1.72413793103448	93.1034482758621	5.17241379310345	0	1	54	3	0
note	0	0	100	0	0	0	19	0
noti	0	100	0	0	0	84	0	0
noto	0	0	100	0	0	0	1	0
nott	0	100	0	0	0	331	0	0
nova	14.2857142857143	85.7142857142857	0	0	1	6	0	0
nove	0	100	0	0	0	19	0	0
novi	100	0	0	0	22	0	0	0
nozz	0	100	0	0	0	14	0	0
nucl	0	100	0	0	0	5	0	0
null	0	100	0	0	0	174	0	0
nume	0	17.3010380622837	82.6989619377163	0	0	50	239	0
nuoc	0	50	50	0	0	4	4	0
nuot	1.92307692307692	88.4615384615385	9.61538461538462	0	1	46	5	0
nuov	0	99.5444191343963	0.455580865603645	0	0	437	2	0
nutr	1.49253731343284	68.6567164179104	29.8507462686567	0	1	46	20	0
nuvo	0	19.4915254237288	80.5084745762712	0	0	23	95	0
obbe	15.7894736842105	84.2105263157895	0	0	3	16	0	0
obbl	0	40	60	0	0	6	9	0
obie	0	100	0	0	0	68	0	0
obli	0	100	0	0	0	7	0	0
ocaNA	0	100	0	0	0	2	0	0
occa	0	100	0	0	0	63	0	0
occh	0	100	0	0	0	468	0	0
occi	0	100	0	0	0	24	0	0
occo	1.36986301369863	73.972602739726	24.6575342465753	0	1	54	18	0
occu	4.67289719626168	63.5514018691589	27.1028037383178	4.67289719626168	5	68	29	5
ocea	0	0	100	0	0	0	68	0
odia	0	75	25	0	0	3	1	0
odie	0	100	0	0	0	9	0	0
odor	0	100	0	0	0	46	0	0
offe	0	97.8260869565217	2.17391304347826	0	0	45	1	0
offi	0	100	0	0	0	4	0	0
offr	2.22222222222222	74.4444444444444	23.3333333333333	0	2	67	21	0
ogge	0	100	0	0	0	95	0	0
ognu	0	100	0	0	0	59	0	0
olan	0	100	0	0	0	8	0	0
olim	0	0	100	0	0	0	38	0
oliv	0	100	0	0	0	21	0	0
oltr	0	100	0	0	0	106	0	0
omag	0	100	0	0	0	3	0	0
ombr	0	100	0	0	0	120	0	0
omet	0	100	0	0	0	7	0	0
omin	0	100	0	0	0	26	0	0
onda	0	100	0	0	0	2	0	0
onde	0	75	25	0	0	6	2	0
ones	0	93.3333333333333	6.66666666666667	0	0	14	1	0
onor	0	87.9310344827586	12.0689655172414	0	0	51	7	0
opac	0	100	0	0	0	5	0	0
oper	0	65.7894736842105	33.5526315789474	0.657894736842105	0	100	51	1
opin	0	100	0	0	0	16	0	0
oppo	0	100	0	0	0	29	0	0
oppu	0	100	0	0	0	98	0	0
oraNA	0	100	0	0	0	2	0	0
orar	0	100	0	0	0	14	0	0
orat	0	100	0	0	0	5	0	0
orbi	0	0	100	0	0	0	10	0
orch	0	100	0	0	0	9	0	0
orco	0	100	0	0	0	2	0	0
ordi	14.5161290322581	17.741935483871	67.741935483871	0	27	33	126	0
orec	0	100	0	0	0	64	0	0
orfa	0	22.2222222222222	77.7777777777778	0	0	2	7	0
orga	0.884955752212389	79.646017699115	19.4690265486726	0	1	90	22	0
orgo	0	100	0	0	0	27	0	0
orie	0	100	0	0	0	47	0	0
orig	0	45.9183673469388	54.0816326530612	0	0	45	53	0
oriz	0	100	0	0	0	30	0	0
orla	0	100	0	0	0	6	0	0
orma	0	100	0	0	0	159	0	0
orol	0	100	0	0	0	87	0	0
oros	0	0	100	0	0	0	9	0
orre	0	100	0	0	0	5	0	0
orri	0	0	100	0	0	0	14	0
orro	0	100	0	0	0	15	0	0
orsa	0	100	0	0	0	13	0	0
orso	0	100	0	0	0	16	0	0
orta	0	100	0	0	0	4	0	0
orti	0	100	0	0	0	9	0	0
orto	0	100	0	0	0	1	0	0
osar	8.33333333333333	79.1666666666667	12.5	0	2	19	3	0
oscu	42.4242424242424	54.5454545454545	3.03030303030303	0	14	18	1	0
ospe	0	100	0	0	0	18	0	0
ospi	11.25	11.25	77.5	0	9	9	62	0
osse	4.22535211267606	87.6760563380282	8.09859154929578	0	12	249	23	0
ossi	0	40.8163265306122	59.1836734693878	0	0	20	29	0
osta	3.44827586206897	41.3793103448276	55.1724137931034	0	1	12	16	0
osti	0	100	0	0	0	6	0	0
otta	5.55555555555556	94.4444444444444	0	0	1	17	0	0
otte	1.20481927710843	93.9759036144578	4.81927710843374	0	1	78	4	0
otti	0	0	100	0	0	0	65	0
otto	0	100	0	0	0	32	0	0
ottu	0	100	0	0	0	5	0	0
oval	0	100	0	0	0	2	0	0
oves	0	100	0	0	0	26	0	0
ovun	0	100	0	0	0	14	0	0
ovvi	0	100	0	0	0	21	0	0
ozon	0	100	0	0	0	10	0	0
pacc	0	100	0	0	0	35	0	0
paci	0	0	100	0	0	0	18	0
pada	0	100	0	0	0	7	0	0
pade	0	100	0	0	0	9	0	0
padr	0	100	0	0	0	279	0	0
paes	0	100	0	0	0	247	0	0
paff	0	100	0	0	0	1	0	0
paga	10	84	6	0	10	84	6	0
page	0	100	0	0	0	1	0	0
pagi	0	1.55038759689922	98.4496124031008	0	0	2	127	0
pagl	0	100	0	0	0	32	0	0
pala	0	100	0	0	0	82	0	0
palc	0	27.2727272727273	72.7272727272727	0	0	3	8	0
pale	0	57.8947368421053	42.1052631578947	0	0	22	16	0
pali	0	100	0	0	0	9	0	0
pall	0.8	87.6	11.6	0	2	219	29	0
palm	0	100	0	0	0	31	0	0
palp	0	0	100	0	0	0	7	0
palu	0	100	0	0	0	25	0	0
panc	0	100	0	0	0	53	0	0
pand	0	100	0	0	0	2	0	0
pane	0	100	0	0	0	4	0	0
pani	0	100	0	0	0	25	0	0
pann	0	100	0	0	0	28	0	0
pano	0	100	0	0	0	6	0	0
pant	0	69.6969696969697	30.3030303030303	0	0	23	10	0
papa	0	20	80	0	0	1	4	0
pape	0	53.0398322851153	46.9601677148847	0	0	253	224	0
papp	0	100	0	0	0	28	0	0
para	0	77.5510204081633	22.4489795918367	0	0	38	11	0
parc	1.92307692307692	98.0769230769231	0	0	1	51	0	0
pare	0	91.7948717948718	8.2051282051282	0	0	179	16	0
parl	3.82022471910112	84.7191011235955	11.4606741573034	0	17	377	51	0
paro	0	100	0	0	0	423	0	0
parr	0	96.2962962962963	3.7037037037037	0	0	26	1	0
part	2.52672497570457	91.7395529640428	5.24781341107872	0.485908649173955	26	944	54	5
pasc	0	13.3333333333333	80	6.66666666666667	0	2	12	1
pasq	0	100	0	0	0	38	0	0
pass	6.44736842105263	82.8947368421053	10.5263157894737	0.131578947368421	49	630	80	1
past	0	100	0	0	0	114	0	0
pata	0	100	0	0	0	33	0	0
pate	0	100	0	0	0	3	0	0
patr	0	100	0	0	0	22	0	0
patt	0	43.5897435897436	56.4102564102564	0	0	17	22	0
paur	0	100	0	0	0	209	0	0
paus	0	100	0	0	0	4	0	0
pavi	0	100	0	0	0	46	0	0
pavo	0	100	0	0	0	12	0	0
pazi	0	100	0	0	0	45	0	0
pazz	0	100	0	0	0	40	0	0
pecc	0	100	0	0	0	35	0	0
peco	0	16.3636363636364	83.6363636363636	0	0	9	46	0
peda	5.26315789473684	94.7368421052632	0	0	1	18	0	0
pedi	0	100	0	0	0	3	0	0
pedo	0	100	0	0	0	6	0	0
pegg	4.65116279069767	95.3488372093023	0	0	2	41	0	0
pell	0	84.1584158415842	15.8415841584158	0	0	85	16	0
pelo	0	100	0	0	0	1	0	0
pelu	0	100	0	0	0	1	0	0
pend	0	52.3809523809524	47.6190476190476	0	0	22	20	0
pene	17.6470588235294	52.9411764705882	29.4117647058824	0	3	9	5	0
peni	0	0	100	0	0	0	14	0
penn	0	100	0	0	0	170	0	0
pens	9.44272445820433	84.3653250773994	6.19195046439629	0	61	545	40	0
pent	0	30	70	0	0	12	28	0
penz	0	100	0	0	0	2	0	0
pepe	0	100	0	0	0	5	0	0
perc	94.0095302927161	4.62899931926481	1.36147038801906	0	1381	68	20	0
perd	1.88172043010753	64.5161290322581	33.3333333333333	0.268817204301075	7	240	124	1
perf	1.48148148148148	91.8518518518518	6.66666666666667	0	2	124	9	0
perg	0	100	0	0	0	13	0	0
peri	0	24.2914979757085	75.7085020242915	0	0	60	187	0
perl	0	100	0	0	0	18	0	0
perm	4.71698113207547	64.1509433962264	30.188679245283	0.943396226415094	5	68	32	1
pero	0	100	0	0	0	1	0	0
perp	0	100	0	0	0	7	0	0
pers	0.248138957816377	99.2555831265509	0.496277915632754	0	1	400	2	0
pert	0	100	0	0	0	5	0	0
pesa	1.94174757281553	80.5825242718447	17.4757281553398	0	2	83	18	0
pesc	0.338983050847458	98.9830508474576	0.677966101694915	0	1	292	2	0
pess	0	0	100	0	0	0	7	0
pest	14.2857142857143	78.5714285714286	7.14285714285714	0	2	11	1	0
peta	0	0	100	0	0	0	14	0
petr	0	100	0	0	0	30	0	0
pett	0	71.7948717948718	28.2051282051282	0	0	28	11	0
pezz	0.632911392405063	99.3670886075949	0	0	1	157	0	0
piac	1.73410404624277	82.0809248554913	16.1849710982659	0	6	284	56	0
piag	11.1111111111111	77.7777777777778	11.1111111111111	0	1	7	1	0
pian	0.418994413407821	93.5754189944134	6.00558659217877	0	3	670	43	0
pias	0	100	0	0	0	4	0	0
piat	0	100	0	0	0	76	0	0
piaz	1.53846153846154	93.8461538461538	4.61538461538462	0	1	61	3	0
picc	0.356718192627824	15.6956004756243	83.9476813317479	0	3	132	706	0
picn	100	0	0	0	4	0	0	0
pied	0	100	0	0	0	270	0	0
pieg	17.7777777777778	68.8888888888889	11.1111111111111	2.22222222222222	8	31	5	1
pien	0	100	0	0	0	249	0	0
piet	14.6153846153846	85.3846153846154	0	0	19	111	0	0
piff	0	33.3333333333333	66.6666666666667	0	0	1	2	0
pigi	0	100	0	0	0	13	0	0
pigl	9.09090909090909	81.8181818181818	9.09090909090909	0	1	9	1	0
pign	0	100	0	0	0	4	0	0
pigr	0	100	0	0	0	14	0	0
pill	0	0	100	0	0	0	6	0
pilo	0	100	0	0	0	33	0	0
pine	0	100	0	0	0	5	0	0
ping	0	100	0	0	0	17	0	0
pinn	0	100	0	0	0	15	0	0
pinz	0	100	0	0	0	6	0	0
piog	0	100	0	0	0	102	0	0
piom	13.0434782608696	86.9565217391304	0	0	3	20	0	0
piop	0	100	0	0	0	11	0	0
piov	1.92307692307692	78.8461538461538	19.2307692307692	0	1	41	10	0
pipi	0	100	0	0	0	28	0	0
pira	0	93.6170212765958	6.38297872340426	0	0	44	3	0
pisc	0	100	0	0	0	14	0	0
piso	0	100	0	0	0	2	0	0
pist	0	100	0	0	0	58	0	0
pitt	0	100	0	0	0	43	0	0
pium	0	100	0	0	0	27	0	0
piut	0	100	0	0	0	87	0	0
pizz	0	100	0	0	0	22	0	0
plac	0	100	0	0	0	5	0	0
plas	0	0	100	0	0	0	13	0
plat	0	0	100	0	0	0	5	0
plur	0	100	0	0	0	27	0	0
po'NA	0	100	0	0	0	3	0	0
poco	0	90.3954802259887	9.6045197740113	0	0	160	17	0
poes	0	100	0	0	0	78	0	0
poet	0	70.9677419354839	29.0322580645161	0	0	22	9	0
pogg	0	100	0	0	0	4	0	0
poic	100	0	0	0	67	0	0	0
pola	0	100	0	0	0	9	0	0
pole	0	100	0	0	0	12	0	0
poli	0	75.7352941176471	24.2647058823529	0	0	103	33	0
poll	0	62.5	37.5	0	0	25	15	0
polm	0	100	0	0	0	24	0	0
polp	0	100	0	0	0	6	0	0
pols	0	100	0	0	0	17	0	0
polt	0	100	0	0	0	15	0	0
polv	0	15.3846153846154	84.6153846153846	0	0	6	33	0
pome	0	100	0	0	0	52	0	0
pomo	0	100	0	0	0	13	0	0
pomp	0	97.0588235294118	2.94117647058824	0	0	33	1	0
pont	0	100	0	0	0	37	0	0
popo	0	35.1648351648352	64.2857142857143	0.549450549450549	0	64	117	1
popp	0	100	0	0	0	9	0	0
porc	2.32558139534884	97.6744186046512	0	0	1	42	0	0
porg	0	70.3703703703704	29.6296296296296	0	0	19	8	0
porp	0	0	100	0	0	0	6	0
porr	0	82.9787234042553	17.0212765957447	0	0	39	8	0
port	6.77382319173364	81.9747416762342	10.7921928817451	0.459242250287026	59	714	94	4
posa	0	78.125	21.875	0	0	25	7	0
posi	0	100	0	0	0	56	0	0
poss	21.9607843137255	21.5686274509804	56.4705882352941	0	56	55	144	0
post	0	100	0	0	0	368	0	0
pota	0	0	100	0	0	0	5	0
pote	7.57381258023107	75.9306803594352	16.4955070603338	0	118	1183	257	0
pove	3.64963503649635	14.963503649635	81.3868613138686	0	10	41	223	0
pozi	0	100	0	0	0	16	0	0
pozz	0	91.3793103448276	8.62068965517241	0	0	53	5	0
pran	0	98.1818181818182	1.81818181818182	0	0	54	1	0
prat	0	79.7687861271676	19.6531791907514	0.578034682080925	0	138	34	1
prec	6.93069306930693	79.2079207920792	12.3762376237624	1.48514851485149	14	160	25	3
pred	1.25	87.5	11.25	0	1	70	9	0
pref	4.95049504950495	89.1089108910891	5.94059405940594	0	5	90	6	0
preg	2.02020202020202	95.959595959596	2.02020202020202	0	2	95	2	0
prei	0	45.4545454545455	54.5454545454545	0	0	5	6	0
prel	0	100	0	0	0	10	0	0
prem	2	92	6	0	2	92	6	0
pren	2.5609756097561	66.3414634146341	30.2439024390244	0.853658536585366	21	544	248	7
preo	0.925925925925926	77.7777777777778	19.4444444444444	1.85185185185185	1	84	21	2
prep	5.82010582010582	82.010582010582	12.1693121693122	0	11	155	23	0
pres	1.76678445229682	93.8162544169611	4.41696113074205	0	10	531	25	0
pret	0	61.9047619047619	38.0952380952381	0	0	13	8	0
prev	0	100	0	0	0	41	0	0
prez	0	95	5	0	0	95	5	0
prig	0	100	0	0	0	68	0	0
prim	0	98.9795918367347	1.02040816326531	0	0	1164	12	0
prin	0	37.037037037037	62.962962962963	0	0	90	153	0
priv	0	95.8333333333333	4.16666666666667	0	0	46	2	0
prob	0	88.646288209607	11.353711790393	0	0	203	26	0
proc	3.53982300884956	76.9911504424779	19.4690265486726	0	4	87	22	0
prod	0.595238095238095	91.0714285714286	8.33333333333333	0	1	153	14	0
prof	26.7741935483871	70	3.2258064516129	0	83	217	10	0
prog	0	100	0	0	0	75	0	0
proi	5.88235294117647	88.2352941176471	5.88235294117647	0	2	30	2	0
prol	0	100	0	0	0	6	0	0
prom	1.06382978723404	87.2340425531915	11.7021276595745	0	1	82	11	0
pron	1.64609053497942	97.9423868312757	0.411522633744856	0	4	238	1	0
prop	2.29357798165138	92.3165137614679	5.38990825688073	0	20	805	47	0
pror	0	100	0	0	0	5	0	0
pros	8.18181818181818	30.9090909090909	60.9090909090909	0	9	34	67	0
prot	6.17977528089888	74.1573033707865	19.6629213483146	0	11	132	35	0
prov	3.77358490566038	85.6132075471698	9.43396226415094	1.17924528301887	16	363	40	5
prud	0	100	0	0	0	22	0	0
psic	0	0	100	0	0	0	8	0
pubb	14.8514851485149	26.7326732673267	58.4158415841584	0	15	27	59	0
pugn	0	100	0	0	0	24	0	0
pulc	0	100	0	0	0	27	0	0
puli	0	96.6101694915254	3.38983050847458	0	0	57	2	0
pulm	0	100	0	0	0	4	0	0
puls	0	100	0	0	0	13	0	0
pung	6.25	68.75	25	0	1	11	4	0
puni	0	90.4761904761905	9.52380952380952	0	0	19	2	0
punt	0.512820512820513	98.4615384615385	1.02564102564103	0	2	384	4	0
pupa	0	100	0	0	0	10	0	0
pupi	0	100	0	0	0	5	0	0
purc	100	0	0	0	17	0	0	0
puro	0	0	100	0	0	0	1	0
purt	0	100	0	0	0	57	0	0
puzz	0	80	20	0	0	4	1	0
quac	0	100	0	0	0	20	0	0
quad	0	98.1042654028436	1.8957345971564	0	0	207	4	0
qual	3.56363636363636	92.0727272727273	4.36363636363636	0	49	1266	60	0
quan	2.8100412139378	97.1899587860622	0	0	75	2594	0	0
quar	4.44444444444444	95.5555555555556	0	0	4	86	0	0
quas	2.22222222222222	97.7777777777778	0	0	6	264	0	0
quat	1.43540669856459	93.7799043062201	4.78468899521531	0	3	196	10	0
quel	0	100	0	0	0	471	0	0
quer	0	100	0	0	0	35	0	0
ques	0	100	0	0	0	2324	0	0
quie	0	100	0	0	0	17	0	0
quin	0	87.5621890547264	12.4378109452736	0	0	176	25	0
quot	0	100	0	0	0	36	0	0
rabb	8.10810810810811	86.4864864864865	5.40540540540541	0	3	32	2	0
racc	5.43259557344064	77.8672032193159	16.2977867203219	0.402414486921529	27	387	81	2
radd	33.3333333333333	66.6666666666667	0	0	4	8	0	0
radi	0	100	0	0	0	50	0	0
radu	9.30232558139535	76.7441860465116	13.953488372093	0	4	33	6	0
raff	0	93.75	6.25	0	0	45	3	0
raga	0	100	0	0	0	598	0	0
ragg	1.79372197309417	64.5739910313901	33.6322869955157	0	4	144	75	0
ragi	0.746268656716418	99.2537313432836	0	0	1	133	0	0
ragn	0	100	0	0	0	16	0	0
rall	11.1111111111111	72.2222222222222	16.6666666666667	0	2	13	3	0
rame	0	100	0	0	0	4	0	0
rana	0	100	0	0	0	1	0	0
rand	0	100	0	0	0	7	0	0
rang	0	100	0	0	0	5	0	0
rann	0	66.6666666666667	33.3333333333333	0	0	4	2	0
rano	0	100	0	0	0	44	0	0
rapi	0	66.3551401869159	33.6448598130841	0	0	71	36	0
rapp	1.45985401459854	85.4014598540146	13.1386861313869	0	2	117	18	0
rara	0	100	0	0	0	5	0	0
raro	0	0	100	0	0	0	5	0
rass	11.5384615384615	88.4615384615385	0	0	3	23	0	0
rast	0	100	0	0	0	3	0	0
ratt	50	0	50	0	1	0	1	0
razi	0	100	0	0	0	6	0	0
razz	0	100	0	0	0	54	0	0
reag	11.1111111111111	77.7777777777778	11.1111111111111	0	2	14	2	0
real	47.2222222222222	51.3888888888889	1.38888888888889	0	68	74	2	0
ream	0	100	0	0	0	12	0	0
reaz	0	100	0	0	0	14	0	0
reca	2.38095238095238	66.6666666666667	30.952380952381	0	1	28	13	0
rece	0	95.6521739130435	4.34782608695652	0	0	22	1	0
reci	2.04081632653061	87.7551020408163	10.2040816326531	0	1	43	5	0
recu	6.06060606060606	72.7272727272727	21.2121212121212	0	2	24	7	0
reda	0	100	0	0	0	11	0	0
redd	0	0	100	0	0	0	6	0
rega	4.13793103448276	88.2758620689655	7.58620689655172	0	6	128	11	0
regg	0	77.5510204081633	22.4489795918367	0	0	38	11	0
regi	0	99.4152046783626	0.584795321637427	0	0	170	1	0
regn	1.28205128205128	96.1538461538462	2.56410256410256	0	1	75	2	0
rego	0	57.3333333333333	38.6666666666667	4	0	43	29	3
rela	0	100	0	0	0	77	0	0
reli	0	100	0	0	0	22	0	0
rema	0	71.4285714285714	28.5714285714286	0	0	5	2	0
remo	0	100	0	0	0	13	0	0
reNANA	0	100	0	0	0	25	0	0
rend	0.847457627118644	45.7627118644068	51.6949152542373	1.69491525423729	1	54	61	2
renn	0	100	0	0	0	17	0	0
repa	0	100	0	0	0	8	0	0
repl	52.6315789473684	10.5263157894737	36.8421052631579	0	10	2	7	0
repu	0	0	100	0	0	0	16	0
resi	6.34920634920635	61.9047619047619	31.7460317460317	0	4	39	20	0
resp	14.4736842105263	65.7894736842105	19.7368421052632	0	11	50	15	0
rest	9.34256055363322	79.5847750865052	11.0726643598616	0	27	230	32	0
retr	0	50	50	0	0	3	3	0
rett	0	60.7594936708861	39.2405063291139	0	0	48	31	0
riab	20	80	0	0	1	4	0	0
riad	0	75	25	0	0	3	1	0
rial	29.4117647058824	70.5882352941177	0	0	5	12	0	0
rian	0	62.5	25	12.5	0	5	2	1
riap	50	50	0	0	4	4	0	0
rias	0	94.8717948717949	5.12820512820513	0	0	37	2	0
riat	0	66.6666666666667	33.3333333333333	0	0	2	1	0
riba	0	66.6666666666667	33.3333333333333	0	0	2	1	0
ribe	0	94.4444444444444	5.55555555555556	0	0	17	1	0
rica	7.01754385964912	80.7017543859649	12.280701754386	0	4	46	7	0
ricc	0	95.6204379562044	4.37956204379562	0	0	131	6	0
rice	1.15606936416185	84.393063583815	14.4508670520231	0	2	146	25	0
rich	2.29885057471264	83.9080459770115	13.7931034482759	0	2	73	12	0
rico	4.53686200378072	76.5595463137996	18.9035916824197	0	24	405	100	0
ricr	0	100	0	0	0	5	0	0
rida	11.7647058823529	52.9411764705882	35.2941176470588	0	2	9	6	0
ride	0	29.8076923076923	70.1923076923077	0	0	31	73	0
ridi	0	42.1052631578947	57.8947368421053	0	0	8	11	0
rido	0	100	0	0	0	9	0	0
ridu	2.27272727272727	95.4545454545455	2.27272727272727	0	1	42	1	0
riem	9.75609756097561	76.8292682926829	13.4146341463415	0	8	63	11	0
rien	8.57142857142857	80	11.4285714285714	0	3	28	4	0
rifa	13.6363636363636	86.3636363636364	0	0	3	19	0	0
rife	1.92307692307692	73.0769230769231	25	0	1	38	13	0
rifi	8.16326530612245	85.7142857142857	6.12244897959184	0	4	42	3	0
rifl	5.71428571428571	70	24.2857142857143	0	4	49	17	0
rifo	18.1818181818182	72.7272727272727	9.09090909090909	0	2	8	1	0
rifu	5.71428571428571	88.5714285714286	5.71428571428571	0	2	31	2	0
riga	0	78.5714285714286	21.4285714285714	0	0	11	3	0
righ	0	100	0	0	0	12	0	0
rigi	0	26.6666666666667	73.3333333333333	0	0	4	11	0
rigo	0	100	0	0	0	11	0	0
rigu	0	87.5	12.5	0	0	35	5	0
rila	0	100	0	0	0	9	0	0
rile	0	73.3333333333333	26.6666666666667	0	0	11	4	0
rili	0	100	0	0	0	26	0	0
rima	2.2508038585209	83.9228295819936	13.8263665594855	0	7	261	43	0
rimb	14.2857142857143	85.7142857142857	0	0	1	6	0	0
rime	5.19480519480519	62.3376623376623	32.4675324675325	0	4	48	25	0
rimp	0	70	30	0	0	7	3	0
rina	0	71.4285714285714	28.5714285714286	0	0	5	2	0
rinc	6.45161290322581	61.2903225806452	32.258064516129	0	2	19	10	0
rinf	0	100	0	0	0	8	0	0
ring	13.4615384615385	71.1538461538462	15.3846153846154	0	7	37	8	0
rinn	0	100	0	0	0	7	0	0
rino	0	100	0	0	0	7	0	0
rint	0	100	0	0	0	5	0	0
rinu	16.6666666666667	77.7777777777778	5.55555555555556	0	3	14	1	0
rinv	0	100	0	0	0	8	0	0
rior	0	28.5714285714286	57.1428571428571	14.2857142857143	0	2	4	1
ripa	5.12820512820513	90.5982905982906	4.27350427350427	0	6	106	5	0
ripe	12.0879120879121	63.7362637362637	24.1758241758242	0	11	58	22	0
ripi	5.26315789473684	57.8947368421053	36.8421052631579	0	1	11	7	0
ripo	4.0650406504065	81.3008130081301	13.8211382113821	0.813008130081301	5	100	17	1
ripr	3.1055900621118	63.3540372670807	33.5403726708075	0	5	102	54	0
ripu	18.1818181818182	81.8181818181818	0	0	2	9	0	0
riqu	0	100	0	0	0	9	0	0
risa	1.53846153846154	84.6153846153846	13.8461538461538	0	1	55	9	0
risc	6.79611650485437	84.4660194174757	8.7378640776699	0	7	87	9	0
rise	12.8205128205128	87.1794871794872	0	0	5	34	0	0
riso	1.96078431372549	54.9019607843137	43.1372549019608	0	1	28	22	0
risp	0.838926174496644	87.0805369127517	12.0805369127517	0	5	519	72	0
rist	0	100	0	0	0	23	0	0
risu	5.19480519480519	85.7142857142857	9.09090909090909	0	4	66	7	0
risv	19.047619047619	80.9523809523809	0	0	4	17	0	0
rita	0	92.3076923076923	7.69230769230769	0	0	48	4	0
rite	4.16666666666667	91.6666666666667	4.16666666666667	0	1	22	1	0
riti	15	76.6666666666667	8.33333333333333	0	9	46	5	0
ritm	0	100	0	0	0	14	0	0
rito	7.03125	87.5	5.46875	0	9	112	7	0
ritr	10.1010101010101	85.8585858585859	4.04040404040404	0	10	85	4	0
ritt	0	100	0	0	0	15	0	0
riun	2.4390243902439	82.9268292682927	14.6341463414634	0	1	34	6	0
rius	15.75	75.5	8.75	0	63	302	35	0
rive	7.69230769230769	78.8461538461538	13.4615384615385	0	8	82	14	0
rivi	4.54545454545455	86.3636363636364	9.09090909090909	0	1	19	2	0
rivo	2.85714285714286	72.8571428571428	24.2857142857143	0	2	51	17	0
rizz	8.33333333333333	75	16.6666666666667	0	1	9	2	0
roba	0	100	0	0	0	3	0	0
robo	95.3488372093023	4.65116279069767	0	0	41	2	0	0
robu	0	100	0	0	0	31	0	0
rocc	0	100	0	0	0	111	0	0
rodi	0	100	0	0	0	6	0	0
roma	0	92.7007299270073	7.2992700729927	0	0	127	10	0
romb	0	100	0	0	0	4	0	0
romp	2.73972602739726	75.3424657534247	21.9178082191781	0	2	55	16	0
rond	0	0	100	0	0	0	35	0
ronf	4.16666666666667	95.8333333333333	0	0	1	23	0	0
ronz	0	100	0	0	0	10	0	0
rosa	0	100	0	0	0	5	0	0
rose	0	53.8461538461538	46.1538461538462	0	0	7	6	0
rosi	11.1111111111111	72.2222222222222	16.6666666666667	0	2	13	3	0
rosp	0	100	0	0	0	20	0	0
ross	0	100	0	0	0	274	0	0
rota	0	100	0	0	0	10	0	0
rote	0	100	0	0	0	7	0	0
roto	3.77358490566038	64.1509433962264	32.0754716981132	0	2	34	17	0
rott	0	100	0	0	0	30	0	0
roul	0	100	0	0	0	2	0	0
rove	19.3548387096774	74.1935483870968	6.45161290322581	0	6	23	2	0
rovi	2.77777777777778	94.4444444444444	2.77777777777778	0	1	34	1	0
rozz	0	100	0	0	0	10	0	0
ruba	4.81927710843374	90.3614457831325	4.81927710843374	0	4	75	4	0
rubi	0	100	0	0	0	10	0	0
rubr	0	100	0	0	0	15	0	0
ruga	0	100	0	0	0	5	0	0
rugg	14.2857142857143	85.7142857142857	0	0	2	12	0	0
rugi	0	100	0	0	0	6	0	0
rugo	0	100	0	0	0	5	0	0
rumb	0	100	0	0	0	13	0	0
rumo	0	98.5714285714286	1.42857142857143	0	0	138	2	0
ruol	0	100	0	0	0	17	0	0
ruot	0	91.7808219178082	8.21917808219178	0	0	67	6	0
rura	0	100	0	0	0	8	0	0
rusc	0	100	0	0	0	33	0	0
rusp	0	100	0	0	0	2	0	0
russ	0	100	0	0	0	12	0	0
ruvi	0	0	100	0	0	0	8	0
ruzz	0	83.3333333333333	16.6666666666667	0	0	5	1	0
saba	0	0	100	0	0	0	39	0
sabb	0	100	0	0	0	50	0	0
sacc	0	96.875	3.125	0	0	124	4	0
sace	0	100	0	0	0	10	0	0
sacr	2.85714285714286	94.2857142857143	2.85714285714286	0	1	33	1	0
safa	0	100	0	0	0	2	0	0
sagg	0	100	0	0	0	26	0	0
sago	0	0	100	0	0	0	7	0
sala	0	100	0	0	0	38	0	0
sald	0	100	0	0	0	7	0	0
sali	0.704225352112676	80.2816901408451	19.0140845070423	0	1	114	27	0
salo	0	100	0	0	0	39	0	0
salp	16.6666666666667	75	8.33333333333333	0	2	9	1	0
sals	0	100	0	0	0	9	0	0
salt	10.738255033557	81.8791946308725	7.38255033557047	0	16	122	11	0
salu	6.18556701030928	86.5979381443299	7.21649484536082	0	6	84	7	0
salv	3.58744394618834	95.067264573991	1.34529147982063	0	8	212	3	0
samu	0	100	0	0	0	6	0	0
sang	1.02040816326531	98.9795918367347	0	0	1	97	0	0
sant	0	100	0	0	0	45	0	0
sape	3.50584307178631	90.9849749582638	5.50918196994992	0	21	545	33	0
sapi	0	100	0	0	0	9	0	0
sapo	0	100	0	0	0	35	0	0
sara	0	100	0	0	0	9	0	0
sart	0	100	0	0	0	11	0	0
sass	0	100	0	0	0	81	0	0
sate	0	4.34782608695652	95.6521739130435	0	0	1	22	0
sbad	21.0526315789474	73.6842105263158	5.26315789473684	0	4	14	1	0
sbag	1.12359550561798	95.5056179775281	3.37078651685393	0	1	85	3	0
sbal	16.6666666666667	83.3333333333333	0	0	1	5	0	0
sban	28.5714285714286	57.1428571428571	14.2857142857143	0	2	4	1	0
sbar	5.55555555555556	83.3333333333333	11.1111111111111	0	2	30	4	0
sbat	16	52	32	0	4	13	8	0
sboc	0	100	0	0	0	9	0	0
sbra	0	100	0	0	0	6	0	0
sbri	0	73.6842105263158	26.3157894736842	0	0	28	10	0
sbuc	30.7692307692308	38.4615384615385	30.7692307692308	0	4	5	4	0
sbuf	10	80	10	0	1	8	1	0
scac	13.3333333333333	80	6.66666666666667	0	2	12	1	0
scad	0	100	0	0	0	6	0	0
scaf	0	100	0	0	0	10	0	0
scag	12.5	87.5	0	0	1	7	0	0
scal	0.840336134453782	96.6386554621849	2.52100840336134	0	1	115	3	0
scam	4.16666666666667	77.0833333333333	18.75	0	2	37	9	0
scap	12.2699386503067	76.0736196319018	11.6564417177914	0	20	124	19	0
scar	0.833333333333333	89.1666666666667	8.33333333333333	1.66666666666667	1	107	10	2
scat	4.02684563758389	47.6510067114094	48.3221476510067	0	6	71	72	0
scav	0	93.3333333333333	6.66666666666667	0	0	42	3	0
sceg	2.98507462686567	68.6567164179104	28.3582089552239	0	4	92	38	0
scel	0	100	0	0	0	56	0	0
scem	0	100	0	0	0	10	0	0
scen	0.515463917525773	68.5567010309278	30.9278350515464	0	1	133	60	0
scer	0	100	0	0	0	11	0	0
sche	2.03045685279188	86.8020304568528	11.1675126903553	0	4	171	22	0
schi	5.91715976331361	84.6153846153846	9.46745562130178	0	10	143	16	0
scia	0	80	20	0	0	32	8	0
scie	0	73.4375	26.5625	0	0	94	34	0
scim	0	100	0	0	0	54	0	0
scin	4.34782608695652	82.6086956521739	13.0434782608696	0	1	19	3	0
scio	0.970873786407767	87.378640776699	11.6504854368932	0	1	90	12	0
scir	0	100	0	0	0	5	0	0
sciu	0	100	0	0	0	7	0	0
sciv	12.5	47.5	32.5	7.5	5	19	13	3
scoc	14.2857142857143	85.7142857142857	0	0	1	6	0	0
scod	0	77.2727272727273	22.7272727272727	0	0	17	5	0
scog	0	100	0	0	0	27	0	0
scoi	0	22.4489795918367	77.5510204081633	0	0	11	38	0
scol	0	44.6428571428571	55.3571428571429	0	0	25	31	0
scom	0	81.8897637795276	18.1102362204724	0	0	104	23	0
scon	0.934579439252336	94.392523364486	4.67289719626168	0	1	101	5	0
scop	13.7931034482759	79.3103448275862	6.89655172413793	0	48	276	24	0
scor	1.76470588235294	78.2352941176471	18.2352941176471	1.76470588235294	3	133	31	3
scos	0	100	0	0	0	8	0	0
scot	0	100	0	0	0	5	0	0
scre	0	100	0	0	0	4	0	0
scri	1.05042016806723	73.7394957983193	25	0.210084033613445	5	351	119	1
scru	12.5	62.5	25	0	1	5	2	0
scud	0	100	0	0	0	35	0	0
scul	0	100	0	0	0	16	0	0
scuo	0	98.9106753812636	1.08932461873638	0	0	454	5	0
scur	0	98.2142857142857	1.78571428571429	0	0	55	1	0
scus	0.961538461538462	80.7692307692308	18.2692307692308	0	1	84	19	0
sdra	5.26315789473684	89.4736842105263	5.26315789473684	0	1	17	1	0
sebb	0	100	0	0	0	17	0	0
secc	0	97.8723404255319	2.12765957446809	0	0	92	2	0
seco	0	81.0160427807487	18.9839572192513	0	0	303	71	0
sede	1.18343195266272	87.5739644970414	11.2426035502959	0	2	148	19	0
sedi	0	89.7058823529412	10.2941176470588	0	0	61	7	0
sedu	0	100	0	0	0	10	0	0
sega	0	100	0	0	0	3	0	0
segg	0	100	0	0	0	7	0	0
segm	0	100	0	0	0	9	0	0
segn	2.20264317180617	95.1541850220264	2.6431718061674	0	5	216	6	0
segr	0	100	0	0	0	115	0	0
segu	4.95356037151703	78.0185758513932	17.0278637770898	0	16	252	55	0
seic	0	100	0	0	0	8	0	0
selc	0	100	0	0	0	8	0	0
sell	0	100	0	0	0	10	0	0
selv	0	37.8378378378378	62.1621621621622	0	0	28	46	0
sema	0	0	100	0	0	0	25	0
semb	4.33673469387755	79.3367346938776	16.3265306122449	0	17	311	64	0
seme	0	100	0	0	0	1	0	0
semi	0	80	10	10	0	8	1	1
semp	0	89.1076115485564	10.8923884514436	0	0	679	83	0
sens	0	92.2330097087379	7.76699029126214	0	0	95	8	0
sent	8.04195804195804	86.013986013986	5.94405594405594	0	46	492	34	0
senz	0	100	0	0	0	462	0	0
sepa	4.76190476190476	90.4761904761905	4.76190476190476	0	1	19	1	0
sepo	0	100	0	0	0	23	0	0
sepp	0	90.4761904761905	9.52380952380952	0	0	19	2	0
sequ	0	100	0	0	0	17	0	0
sera	0	100	0	0	0	17	0	0
serb	0	100	0	0	0	6	0	0
sere	8.69565217391304	91.304347826087	0	0	2	21	0	0
serg	0	100	0	0	0	12	0	0
seri	6.60377358490566	93.3962264150943	0	0	7	99	0	0
serp	0	100	0	0	0	65	0	0
serr	4.16666666666667	87.5	8.33333333333333	0	1	21	2	0
serv	5.80645161290323	73.8709677419355	20.3225806451613	0	18	229	63	0
sess	9.09090909090909	90.9090909090909	0	0	1	10	0	0
sest	0	100	0	0	0	11	0	0
sett	0	96.9040247678019	3.09597523219814	0	0	313	10	0
seve	0	90	10	0	0	18	2	0
sezi	0	100	0	0	0	8	0	0
sfer	0	100	0	0	0	25	0	0
sfid	0	91.6666666666667	8.33333333333333	0	0	22	2	0
sfil	9.09090909090909	81.8181818181818	9.09090909090909	0	1	9	1	0
sfin	0	100	0	0	0	16	0	0
sfio	7.69230769230769	76.9230769230769	15.3846153846154	0	1	10	2	0
sfog	7.14285714285714	85.7142857142857	7.14285714285714	0	1	12	1	0
sfon	0	93.75	6.25	0	0	15	1	0
sfor	0	91.9354838709677	8.06451612903226	0	0	57	5	0
sfre	33.3333333333333	60	6.66666666666667	0	5	9	1	0
sfru	0	85.7142857142857	14.2857142857143	0	0	18	3	0
sfug	12.2448979591837	83.6734693877551	4.08163265306122	0	6	41	2	0
sfum	0	100	0	0	0	11	0	0
sgab	0	100	0	0	0	8	0	0
sgan	20	80	0	0	1	4	0	0
sghi	0	66.6666666666667	33.3333333333333	0	0	4	2	0
sgra	0	30.7692307692308	69.2307692307692	0	0	4	9	0
sgri	0	87.5	12.5	0	0	7	1	0
sgua	0	100	0	0	0	64	0	0
siam	0	100	0	0	0	1	0	0
sibi	22.2222222222222	44.4444444444444	33.3333333333333	0	2	4	3	0
sicc	40	60	0	0	20	30	0	0
sicu	0	98.6547085201794	1.34529147982063	0	0	220	3	0
siep	0	100	0	0	0	23	0	0
siga	0	100	0	0	0	7	0	0
sigl	0	100	0	0	0	5	0	0
sign	0.710900473933649	78.6729857819905	18.7203791469194	1.8957345971564	3	332	79	8
sile	0	99.1869918699187	0.813008130081301	0	0	122	1	0
sill	0	0	100	0	0	0	6	0
simb	0	0	100	0	0	0	35	0
simi	0	0	100	0	0	0	157	0
simp	0	24.1071428571429	75.8928571428571	0	0	27	85	0
sinc	0	100	0	0	0	9	0	0
sind	0	0	100	0	0	0	36	0
sing	0	70.8333333333333	29.1666666666667	0	0	34	14	0
sini	0	100	0	0	0	94	0	0
sint	0	67.741935483871	32.258064516129	0	0	21	10	0
sire	0	100	0	0	0	32	0	0
sist	3.87596899224806	94.5736434108527	1.55038759689922	0	5	122	2	0
situ	0	100	0	0	0	95	0	0
slan	0	100	0	0	0	10	0	0
sleg	0	100	0	0	0	3	0	0
slit	0	100	0	0	0	16	0	0
slog	0	100	0	0	0	5	0	0
slur	0	100	0	0	0	17	0	0
smag	0	100	0	0	0	7	0	0
smar	33.3333333333333	58.3333333333333	8.33333333333333	0	4	7	1	0
smer	0	100	0	0	0	10	0	0
smet	0	46.969696969697	53.030303030303	0	0	31	35	0
smon	0	100	0	0	0	7	0	0
smuo	0	20	80	0	0	1	4	0
snel	0	100	0	0	0	4	0	0
soav	0	100	0	0	0	4	0	0
socc	0	100	0	0	0	23	0	0
soci	51.4285714285714	47.1428571428571	1.42857142857143	0	36	33	1	0
sodd	0	100	0	0	0	49	0	0
soff	3.7037037037037	80.8641975308642	15.4320987654321	0	6	131	25	0
sogg	0	100	0	0	0	81	0	0
sogl	0	100	0	0	0	13	0	0
sogn	1.43884892086331	94.9640287769784	3.59712230215827	0	2	132	5	0
sola	0	100	0	0	0	43	0	0
sold	0	100	0	0	0	180	0	0
sole	0	94.1176470588235	5.88235294117647	0	0	16	1	0
soli	0	23.3870967741935	76.6129032258064	0	0	29	95	0
soll	12.8571428571429	68.5714285714286	18.5714285714286	0	9	48	13	0
solt	0	100	0	0	0	181	0	0
solu	0	100	0	0	0	37	0	0
somi	0	84.6153846153846	15.3846153846154	0	0	22	4	0
somm	0	100	0	0	0	31	0	0
sona	0	100	0	0	0	3	0	0
sonn	0	100	0	0	0	79	0	0
sono	0	100	0	0	0	8	0	0
sont	0	83.3333333333333	16.6666666666667	0	0	5	1	0
sopp	0	100	0	0	0	21	0	0
sopr	0	93.8709677419355	6.12903225806452	0	0	291	19	0
sord	0	100	0	0	0	10	0	0
sore	0	100	0	0	0	111	0	0
sorg	1.66666666666667	73.3333333333333	25	0	1	44	15	0
sorp	0	98.1651376146789	1.8348623853211	0	0	107	2	0
sorr	0.75187969924812	85.7142857142857	13.5338345864662	0	1	114	18	0
sors	0	100	0	0	0	6	0	0
sort	0	100	0	0	0	32	0	0
sorv	0	77.7777777777778	22.2222222222222	0	0	7	2	0
sosp	4.76190476190476	85.7142857142857	9.52380952380952	0	5	90	10	0
sost	0.568181818181818	88.6363636363636	10.7954545454545	0	1	156	19	0
sott	0.186567164179104	91.4179104477612	8.3955223880597	0	1	490	45	0
sove	0	100	0	0	0	7	0	0
sovi	0	0	100	0	0	0	12	0
sovr	0	97.2222222222222	2.77777777777778	0	0	35	1	0
spac	8.33333333333333	83.3333333333333	8.33333333333333	0	1	10	1	0
spad	0	100	0	0	0	34	0	0
spag	0	100	0	0	0	49	0	0
spal	3.7037037037037	93.5185185185185	2.77777777777778	0	4	101	3	0
spar	7.01754385964912	80.7017543859649	12.280701754386	0	8	92	14	0
spas	0	100	0	0	0	11	0	0
spav	5.88235294117647	70.5882352941177	23.5294117647059	0	7	84	28	0
spaz	2.51256281407035	92.462311557789	5.0251256281407	0	5	184	10	0
spec	4.61538461538462	92	3.38461538461538	0	15	299	11	0
sped	0	79.4871794871795	20.5128205128205	0	0	31	8	0
speg	0	52.9411764705882	47.0588235294118	0	0	9	8	0
spen	1.66666666666667	76.6666666666667	21.6666666666667	0	1	46	13	0
sper	0	98.1220657276995	1.87793427230047	0	0	209	4	0
spes	0	99.4350282485876	0.564971751412429	0	0	176	1	0
spet	0	50.4347826086956	49.5652173913044	0	0	58	57	0
spez	15.7894736842105	73.6842105263158	10.5263157894737	0	6	28	4	0
spia	1.14942528735632	90.8045977011494	8.04597701149425	0	1	79	7	0
spic	23.5294117647059	58.8235294117647	17.6470588235294	0	4	10	3	0
spie	11.5789473684211	81.5789473684211	6.31578947368421	0.526315789473684	22	155	12	1
spig	0	100	0	0	0	17	0	0
spil	0	100	0	0	0	13	0	0
spin	0	76.7241379310345	23.2758620689655	0	0	89	27	0
spio	0	100	0	0	0	7	0	0
spir	0	36.734693877551	63.265306122449	0	0	18	31	0
sple	0	27.906976744186	72.0930232558139	0	0	24	62	0
spog	0	100	0	0	0	16	0	0
spol	0	66.6666666666667	33.3333333333333	0	0	6	3	0
spon	0	65	35	0	0	13	7	0
spor	0	89.8876404494382	10.1123595505618	0	0	80	9	0
spos	5.3030303030303	81.0606060606061	13.6363636363636	0	7	107	18	0
spra	0	100	0	0	0	8	0	0
spre	0	92.8571428571429	7.14285714285714	0	0	13	1	0
spro	15.7894736842105	68.4210526315789	15.7894736842105	0	3	13	3	0
spru	15.3846153846154	84.6153846153846	0	0	2	11	0	0
spug	0	100	0	0	0	12	0	0
spum	0	100	0	0	0	3	0	0
spun	18.1818181818182	56.8181818181818	25	0	8	25	11	0
sput	0	100	0	0	0	6	0	0
squa	0	100	0	0	0	64	0	0
squi	4.54545454545455	95.4545454545455	0	0	1	21	0	0
stab	10.1694915254237	72.8813559322034	16.9491525423729	0	6	43	10	0
stac	19.2307692307692	67.3076923076923	13.4615384615385	0	10	35	7	0
stad	0	100	0	0	0	33	0	0
stag	0	100	0	0	0	104	0	0
stal	0	100	0	0	0	21	0	0
stam	2.12765957446809	97.8723404255319	0	0	1	46	0	0
stan	0.884955752212389	96.4601769911504	2.65486725663717	0	2	218	6	0
star	2.34505862646566	88.6097152428811	9.04522613065327	0	14	529	54	0
stas	0	100	0	0	0	26	0	0
stat	0	100	0	0	0	255	0	0
stav	0	100	0	0	0	32	0	0
staz	0	100	0	0	0	27	0	0
stel	0	100	0	0	0	178	0	0
stem	0	100	0	0	0	3	0	0
sten	0	76.4705882352941	23.5294117647059	0	0	39	12	0
ster	0	89.4736842105263	10.5263157894737	0	0	17	2	0
stes	0	100	0	0	0	394	0	0
stil	0	69.5652173913043	30.4347826086957	0	0	16	7	0
stim	0	100	0	0	0	2	0	0
stip	0	100	0	0	0	11	0	0
stir	8.33333333333333	83.3333333333333	8.33333333333333	0	1	10	1	0
stiv	0	100	0	0	0	37	0	0
stof	0	100	0	0	0	18	0	0
stom	0	0	100	0	0	0	31	0
stor	0.245098039215686	90.6862745098039	9.06862745098039	0	1	370	37	0
stra	0.532623169107856	98.4021304926764	1.06524633821571	0	4	739	8	0
stre	0	99.2957746478873	0.704225352112676	0	0	141	1	0
stri	3.63636363636364	72.7272727272727	23.6363636363636	0	6	120	39	0
stro	18.1818181818182	72.7272727272727	9.09090909090909	0	2	8	1	0
stru	0	100	0	0	0	85	0	0
stud	1.08108108108108	97.8378378378378	1.08108108108108	0	2	181	2	0
stuf	0	100	0	0	0	22	0	0
stup	3.67647058823529	61.7647058823529	34.5588235294118	0	5	84	47	0
suba	0	0	100	0	0	0	9	0
subi	0	2.57611241217799	97.423887587822	0	0	11	416	0
succ	2.16049382716049	91.0493827160494	6.79012345679012	0	7	295	22	0
suda	0	78.5714285714286	21.4285714285714	0	0	11	3	0
sudd	0	88.2352941176471	11.7647058823529	0	0	15	2	0
sudo	0	100	0	0	0	6	0	0
suff	0	100	0	0	0	15	0	0
sugg	17.3913043478261	82.6086956521739	0	0	4	19	0	0
sugh	0	0	100	0	0	0	10	0
suol	0	100	0	0	0	32	0	0
suon	4.34782608695652	91.304347826087	4.34782608695652	0	8	168	8	0
suor	0	100	0	0	0	4	0	0
supe	0.738007380073801	94.0959409594096	5.16605166051661	0	2	255	14	0
supp	11.1111111111111	72.2222222222222	16.6666666666667	0	2	13	3	0
supr	0	100	0	0	0	7	0	0
susc	0	66.6666666666667	33.3333333333333	0	0	4	2	0
susi	0	100	0	0	0	4	0	0
suss	23.0769230769231	61.5384615384615	15.3846153846154	0	6	16	4	0
svag	0	100	0	0	0	4	0	0
svan	25	66.6666666666667	8.33333333333333	0	3	8	1	0
sveg	8.84353741496599	85.0340136054422	6.12244897959184	0	13	125	9	0
svel	4.22535211267606	95.7746478873239	0	0	3	68	0	0
sven	0	80	20	0	0	16	4	0
svil	11.2676056338028	73.2394366197183	15.4929577464789	0	8	52	11	0
svol	7.14285714285714	58.5714285714286	34.2857142857143	0	5	41	24	0
svuo	12.5	75	12.5	0	1	6	1	0
taba	0	100	0	0	0	6	0	0
tabe	0	100	0	0	0	22	0	0
tacc	0	100	0	0	0	39	0	0
tace	0	70	30	0	0	14	6	0
tagl	4.05405405405405	90.5405405405405	5.40540540540541	0	6	134	8	0
tale	0	100	0	0	0	9	0	0
talm	0	100	0	0	0	24	0	0
talp	0	100	0	0	0	6	0	0
talv	0	100	0	0	0	25	0	0
tamb	0	95.6521739130435	4.34782608695652	0	0	22	1	0
tant	0	98.2323232323232	1.76767676767677	0	0	778	14	0
tapp	0	98.1132075471698	1.88679245283019	0	0	52	1	0
tard	2.25988700564972	97.1751412429379	0.564971751412429	0	4	172	1	0
targ	0	100	0	0	0	22	0	0
tarl	0	100	0	0	0	7	0	0
tart	0	100	0	0	0	31	0	0
tasc	0	100	0	0	0	62	0	0
tass	0	100	0	0	0	13	0	0
tast	0	100	0	0	0	5	0	0
tatt	0	100	0	0	0	6	0	0
tavo	0	20.4225352112676	79.5774647887324	0	0	29	113	0
tazz	0	100	0	0	0	41	0	0
teat	0	100	0	0	0	33	0	0
tecn	0	15.6862745098039	84.3137254901961	0	0	8	43	0
tede	0	100	0	0	0	33	0	0
tega	0	100	0	0	0	5	0	0
tego	0	0	100	0	0	0	9	0
tele	0.956937799043062	64.1148325358852	34.4497607655502	0.478468899521531	2	134	72	1
teme	2.08333333333333	87.5	10.4166666666667	0	1	42	5	0
temp	0	100	0	0	0	712	0	0
tend	1.42857142857143	88.5714285714286	10	0	1	62	7	0
tene	7.03125	67.1875	25.2604166666667	0.520833333333333	27	258	97	2
tenn	0	100	0	0	0	27	0	0
tens	0	100	0	0	0	5	0	0
tent	11.8181818181818	75.4545454545455	12.7272727272727	0	13	83	14	0
tenu	0	100	0	0	0	16	0	0
teor	0	100	0	0	0	19	0	0
tepo	0	100	0	0	0	4	0	0
term	3.6144578313253	37.3493975903614	55.421686746988	3.6144578313253	3	31	46	3
terr	0	90.8489525909592	9.15104740904079	0	0	824	83	0
terz	0	100	0	0	0	103	0	0
teso	0	100	0	0	0	105	0	0
tess	0	80	20	0	0	20	5	0
test	0	99.5575221238938	0.442477876106195	0	0	450	2	0
tett	0	100	0	0	0	97	0	0
ticc	0	100	0	0	0	4	0	0
tiep	0	0	100	0	0	0	18	0
tifa	0	100	0	0	0	2	0	0
tifo	0	100	0	0	0	8	0	0
tigl	0	100	0	0	0	6	0	0
tigr	0	100	0	0	0	62	0	0
timi	0	15.3846153846154	84.6153846153846	0	0	2	11	0
timo	0	100	0	0	0	14	0	0
timp	0	0	100	0	0	0	5	0
tine	0	100	0	0	0	1	0	0
tint	0	100	0	0	0	4	0	0
tipi	0	0	100	0	0	0	21	0
tipo	0	100	0	0	0	1	0	0
tira	10	71.6666666666667	18.3333333333333	0	12	86	22	0
tito	0	0	100	0	0	0	35	0
tocc	13.0434782608696	80.4347826086957	6.52173913043478	0	18	111	9	0
togl	1.03092783505155	56.701030927835	41.2371134020619	1.03092783505155	1	55	40	1
tomb	0	97.0588235294118	2.94117647058824	0	0	33	1	0
tond	0	100	0	0	0	21	0	0
tonn	0	100	0	0	0	33	0	0
topo	0	100	0	0	0	182	0	0
topp	0	100	0	0	0	4	0	0
tora	0	100	0	0	0	10	0	0
torc	0	100	0	0	0	19	0	0
torm	11.1111111111111	88.8888888888889	0	0	1	8	0	0
torn	14.9779735682819	77.0925110132159	7.9295154185022	0	68	350	36	0
toro	0	100	0	0	0	15	0	0
torr	0	100	0	0	0	68	0	0
tort	0	93.3333333333333	6.66666666666667	0	0	70	5	0
toss	7.69230769230769	61.5384615384615	30.7692307692308	0	1	8	4	0
tota	0	100	0	0	0	31	0	0
tozz	0	100	0	0	0	5	0	0
trab	0	100	0	0	0	6	0	0
trac	3.17460317460317	93.6507936507936	3.17460317460317	0	2	59	2	0
trad	1.66666666666667	91.6666666666667	6.66666666666667	0	1	55	4	0
traf	0	5.26315789473684	94.7368421052632	0	0	2	36	0
trag	0	84.2105263157895	15.7894736842105	0	0	32	6	0
trai	0	100	0	0	0	10	0	0
tram	2.38095238095238	85.7142857142857	11.9047619047619	0	1	36	5	0
tran	5.63380281690141	94.3661971830986	0	0	8	134	0	0
trap	0	0	100	0	0	0	33	0
trar	4.34782608695652	78.2608695652174	17.3913043478261	0	1	18	4	0
tras	6.53409090909091	76.9886363636364	16.4772727272727	0	23	271	58	0
trat	3.77358490566038	89.4339622641509	6.79245283018868	0	10	237	18	0
trav	0	94.7368421052632	5.26315789473684	0	0	36	2	0
trec	0	100	0	0	0	16	0	0
tred	0	0	100	0	0	0	18	0
treg	0	100	0	0	0	4	0	0
trem	4.10958904109589	87.6712328767123	8.21917808219178	0	3	64	6	0
tren	0	100	0	0	0	111	0	0
tria	0	17.9487179487179	82.051282051282	0	0	7	32	0
trib	52	48	0	0	26	24	0	0
trif	0	100	0	0	0	11	0	0
trio	0	100	0	0	0	14	0	0
tris	0	100	0	0	0	78	0	0
trof	0	100	0	0	0	6	0	0
trom	0	100	0	0	0	36	0	0
tron	0	100	0	0	0	48	0	0
trop	0	100	0	0	0	286	0	0
trot	0	58.8235294117647	41.1764705882353	0	0	10	7	0
trov	8.48101265822785	77.9746835443038	13.5443037974684	0	67	616	107	0
truc	0	100	0	0	0	34	0	0
trup	0	100	0	0	0	10	0	0
tubo	0	100	0	0	0	7	0	0
tuff	15.7894736842105	65.7894736842105	18.4210526315789	0	6	25	7	0
tuli	0	100	0	0	0	22	0	0
tumo	0	100	0	0	0	1	0	0
tumu	0	100	0	0	0	7	0	0
tunn	0	100	0	0	0	5	0	0
tuon	0	100	0	0	0	19	0	0
turb	0	100	0	0	0	10	0	0
turc	0	100	0	0	0	18	0	0
turi	0	73.9130434782609	26.0869565217391	0	0	34	12	0
turn	0	100	0	0	0	22	0	0
tuti	0	100	0	0	0	1	0	0
tutt	0	100	0	0	0	2732	0	0
ubbi	0	90.4761904761905	9.52380952380952	0	0	19	2	0
ubri	0	100	0	0	0	8	0	0
ucce	0	100	0	0	0	210	0	0
ucci	5.55555555555556	43.0555555555556	51.3888888888889	0	4	31	37	0
udir	0	84.4444444444444	15.5555555555556	0	0	38	7	0
uffi	0	100	0	0	0	76	0	0
ugua	1.69491525423729	98.3050847457627	0	0	2	116	0	0
uliv	0	100	0	0	0	3	0	0
ulti	0	2.53164556962025	97.4683544303797	0	0	6	231	0
ultr	0	100	0	0	0	2	0	0
ulul	0	60	40	0	0	3	2	0
uman	22.6666666666667	77.3333333333333	0	0	17	58	0	0
umid	30.7692307692308	0	69.2307692307692	0	12	0	27	0
umil	0	0	100	0	0	0	13	0
umor	0	100	0	0	0	9	0	0
undi	0	0	100	0	0	0	43	0
ungh	0	100	0	0	0	8	0	0
unic	0	0	100	0	0	0	106	0
unio	0	100	0	0	0	12	0	0
unir	0	71.6666666666667	28.3333333333333	0	0	43	17	0
unit	54.320987654321	45.679012345679	0	0	44	37	0	0
univ	21.4285714285714	78.5714285714286	0	0	9	33	0	0
uomo	0	2.10084033613445	97.8991596638655	0	0	5	233	0
uovo	0	100	0	0	0	1	0	0
urag	0	100	0	0	0	11	0	0
uran	0	100	0	0	0	22	0	0
urba	0	100	0	0	0	11	0	0
urge	0	100	0	0	0	10	0	0
urla	0	100	0	0	0	18	0	0
urta	0	63.6363636363636	36.3636363636364	0	0	7	4	0
usan	0	100	0	0	0	6	0	0
usar	5.0251256281407	73.8693467336683	21.105527638191	0	10	147	42	0
usat	0	100	0	0	0	10	0	0
usci	1.71673819742489	80.2575107296137	18.0257510729614	0	4	187	42	0
usig	14.2857142857143	85.7142857142857	0	0	1	6	0	0
util	1.63934426229508	39.344262295082	59.0163934426229	0	2	48	72	0
vaca	0	100	0	0	0	93	0	0
vacc	0	100	0	0	0	5	0	0
vaga	0	58.3333333333333	41.6666666666667	0	0	7	5	0
vago	0	100	0	0	0	10	0	0
vala	0	100	0	0	0	9	0	0
vale	5.55555555555556	44.4444444444444	50	0	1	8	9	0
vali	0	62.5	37.5	0	0	15	9	0
vall	0	100	0	0	0	53	0	0
valo	0	100	0	0	0	66	0	0
valu	0	95.4545454545455	4.54545454545455	0	0	21	1	0
vant	0	96.875	3.125	0	0	31	1	0
vapo	4	96	0	0	2	48	0	0
vari	21.6666666666667	66.6666666666667	11.6666666666667	0	13	40	7	0
vasc	0	100	0	0	0	15	0	0
vaso	0	100	0	0	0	20	0	0
vass	0	100	0	0	0	16	0	0
vast	0	96.4285714285714	3.57142857142857	0	0	27	1	0
vecc	0	99.5203836930456	0.479616306954436	0	0	415	2	0
vede	1.97764402407567	89.853826311264	8.16852966466036	0	23	1045	95	0
vege	0	100	0	0	0	34	0	0
vegl	11.1111111111111	66.6666666666667	22.2222222222222	0	1	6	2	0
veic	0	0	100	0	0	0	11	0
vela	0	100	0	0	0	6	0	0
vele	0	100	0	0	0	22	0	0
veli	0	100	0	0	0	13	0	0
vell	0	100	0	0	0	7	0	0
velo	38.8535031847134	56.0509554140127	5.09554140127389	0	61	88	8	0
vend	3.40136054421769	53.7414965986395	42.1768707482993	0.680272108843537	5	79	62	1
vene	81.25	0	18.75	0	26	0	6	0
veni	5.39744847890088	75.5642787046124	19.0382728164867	0	55	770	194	0
vent	1.30293159609121	98.6970684039088	0	0	4	303	0	0
vera	0	100	0	0	0	74	0	0
verb	0	100	0	0	0	78	0	0
verd	0	100	0	0	0	207	0	0
verg	0	96.4285714285714	0	3.57142857142857	0	27	0	1
veri	42.0454545454545	23.8636363636364	32.9545454545455	1.13636363636364	37	21	29	1
verm	0	100	0	0	0	28	0	0
vern	0	100	0	0	0	13	0	0
VERO	0	0	100	0	0	0	2	0
vers	2.54957507082153	96.8838526912181	0.56657223796034	0	9	342	2	0
vert	0	80.7692307692308	19.2307692307692	0	0	21	5	0
vesc	0	0	100	0	0	0	3	0
vesp	0	100	0	0	0	8	0	0
vest	1.59574468085106	96.8085106382979	1.59574468085106	0	3	182	3	0
vete	0	100	0	0	0	2	0	0
vetr	0	100	0	0	0	114	0	0
vett	0	100	0	0	0	21	0	0
viag	1.02040816326531	96.4285714285714	2.55102040816327	0	2	189	5	0
vial	0	100	0	0	0	19	0	0
vice	0	100	0	0	0	29	0	0
vich	0	100	0	0	0	11	0	0
vici	0	100	0	0	0	278	0	0
vico	0	14.2857142857143	85.7142857142857	0	0	1	6	0
vide	0	17.6470588235294	82.3529411764706	0	0	3	14	0
viet	0	90.4761904761905	9.52380952380952	0	0	19	2	0
vigi	0	31.9148936170213	68.0851063829787	0	0	15	32	0
vign	0	100	0	0	0	23	0	0
vigo	0	100	0	0	0	7	0	0
vill	0	100	0	0	0	171	0	0
vimi	0	0	100	0	0	0	7	0
vinc	5.23560209424084	68.586387434555	26.1780104712042	0	10	131	50	0
viol	0	98.876404494382	1.12359550561798	0	0	88	1	0
vipe	0	0	100	0	0	0	7	0
virg	0	0	100	0	0	0	17	0
visi	1.05263157894737	42.1052631578947	56.8421052631579	0	1	40	54	0
viso	0	100	0	0	0	3	0	0
visp	0	100	0	0	0	6	0	0
viss	0	100	0	0	0	5	0	0
vist	0	100	0	0	0	80	0	0
vita	6.25	93.75	0	0	1	15	0	0
vite	0	100	0	0	0	3	0	0
vitt	0	77.7777777777778	22.2222222222222	0	0	42	12	0
viva	10.5263157894737	52.6315789473684	36.8421052631579	0	2	10	7	0
vive	0.700934579439252	42.7570093457944	56.5420560747664	0	3	183	242	0
vizi	0	100	0	0	0	8	0	0
voca	0	77.1428571428572	22.8571428571429	0	0	27	8	0
voce	0	100	0	0	0	16	0	0
vogl	0	100	0	0	0	56	0	0
vola	4.05405405405405	78.3783783783784	17.5675675675676	0	6	116	26	0
vole	2.09090909090909	90.8181818181818	7.09090909090909	0	23	999	78	0
volg	0	84.2105263157895	15.7894736842105	0	0	32	6	0
volo	75.6756756756757	24.3243243243243	0	0	28	9	0	0
volp	0	100	0	0	0	58	0	0
volt	1.26404494382022	97.6123595505618	1.12359550561798	0	9	695	8	0
volu	0	100	0	0	0	42	0	0
vost	0	100	0	0	0	274	0	0
vota	33.3333333333333	66.6666666666667	0	0	1	2	0	0
voto	0	100	0	0	0	1	0	0
vulc	0	63.8888888888889	36.1111111111111	0	0	23	13	0
vuot	1.2987012987013	97.4025974025974	1.2987012987013	0	1	75	1	0
zain	0	100	0	0	0	9	0	0
zamp	4.44444444444444	95.5555555555556	0	0	2	43	0	0
zanz	0	100	0	0	0	9	0	0
zapp	0	100	0	0	0	5	0	0
zebr	0	100	0	0	0	5	0	0
zing	0	0	100	0	0	0	7	0
zioNA	0	100	0	0	0	18	0	0
zitt	0	100	0	0	0	47	0	0
zocc	0	0	100	0	0	0	8	0
zool	0	0	100	0	0	0	7	0
zucc	0	34.4827586206897	65.5172413793103	0	0	20	38	0
zupp	0	100	0	0	0	13	0	0
