2lett	S2_%ULT_Tk	S2_%PULT_Tk	S3_%ULT_Tk	S3_%PULT_Tk	S3_%APULT_Tk	S4_%ULT_Tk	S4_%PULT_Tk	S4_%APULT_Tk	S4_%PAPULT_Tk	S5_%ULT_Tk	S5_%PULT_Tk	S5_%APULT_Tk	S5_%PAPULT_Tk	S6_%ULT_Tk	S6_%PULT_Tk	S6_%APULT_Tk	S6_%PAPULT_Tk	S7_%PULT_Tk	S7_%APULT_Tk	S8_%PULT_Tk	S2_nULT_Tk	S2_nPULT_Tk	S3_nULT_Tk	S3_nPULT_Tk	S3_nAPULT_Tk	S4_nULT_Tk	S4_nPULT_Tk	S4_nAPULT_Tk	S4_nPAPULT_Tk	S5_nULT_Tk	S5_nPULT_Tk	S5_nAPULT_Tk	S5_nPAPULT_Tk	S6_nULT_Tk	S6_nPULT_Tk	S6_nAPULT_Tk	S6_nPAPULT_Tk	S7_nPULT_Tk	S7_nAPULT_Tk	S8_nPULT_Tk
aa	NA	NA	0	100	0	NA	NA	NA	NA	NA	NA	NA	NA	NA	NA	NA	NA	NA	NA	NA	NA	NA	0	31	0	NA	NA	NA	NA	NA	NA	NA	NA	NA	NA	NA	NA	NA	NA	NA
ab	NA	NA	8.133971292	34.92822967	56.93779904	3.353658537	89.32926829	3.353658537	3.963414634	0.724637681	65.2173913	34.05797101	0	0	42.85714286	57.14285714	0	NA	NA	NA	NA	NA	17	73	119	11	293	11	13	1	90	47	0	0	6	8	0	NA	NA	NA
ac	0	100	4.324324324	92.61261261	3.063063063	5.995203837	69.54436451	24.46043165	0	5.882352941	72.05882353	15.44117647	6.617647059	0	56.52173913	43.47826087	0	NA	NA	NA	0	611	24	514	17	25	290	102	0	8	98	21	9	0	13	10	0	NA	NA	NA
ad	NA	NA	1.115241636	98.88475836	0	15.51724138	68.10344828	16.37931034	0	0	94.7761194	4.47761194	0.746268657	0	60	40	0	NA	NA	NA	NA	NA	6	532	0	18	79	19	0	0	127	6	1	0	3	2	0	NA	NA	NA
ae	NA	NA	NA	NA	NA	0	0	100	0	0	100	0	0	NA	NA	NA	NA	NA	NA	NA	NA	NA	NA	NA	NA	0	0	72	0	0	46	0	0	NA	NA	NA	NA	NA	NA	NA
af	10	90	19.81132075	80.18867925	0	2.010050251	95.47738693	2.512562814	0	0	66.12903226	33.87096774	0	0	0	66.66666667	33.33333333	0	100	NA	1	9	42	170	0	4	190	5	0	0	41	21	0	0	0	2	1	0	1	NA
ag	0	100	3.20855615	88.77005348	8.021390374	4.310344828	64.65517241	27.5862069	3.448275862	2.272727273	84.09090909	13.63636364	0	NA	NA	NA	NA	NA	NA	NA	0	40	6	166	15	5	75	32	4	1	37	6	0	NA	NA	NA	NA	NA	NA	NA
ah	0	100	100	0	0	NA	NA	NA	NA	0	100	0	0	NA	NA	NA	NA	NA	NA	NA	0	64	21	0	0	NA	NA	NA	NA	0	22	0	0	NA	NA	NA	NA	NA	NA	NA
ai	0	100	3.555555556	96.44444444	0	10	78	12	0	0	60.86956522	39.13043478	0	NA	NA	NA	NA	NA	NA	NA	0	30	8	217	0	15	117	18	0	0	28	18	0	NA	NA	NA	NA	NA	NA	NA
al	2.835175396	97.1648246	0.523560209	81.26817917	18.20826062	2.5	85	12.5	0	0.900900901	88.28828829	10.81081081	0	0	55.55555556	44.44444444	0	NA	NA	NA	59	2022	9	1397	313	7	238	35	0	1	98	12	0	0	5	4	0	NA	NA	NA
am	6.756756757	93.24324324	0.657174151	97.8094195	1.533406353	0.581395349	87.20930233	12.20930233	0	0	74.24242424	25.75757576	0	0	100	0	0	NA	NA	NA	5	69	6	893	14	1	150	21	0	0	49	17	0	0	20	0	0	NA	NA	NA
an	7.035351768	92.96464823	0.981354269	84.73994112	14.27870461	2.25464191	79.31034483	18.43501326	0	0	14.51612903	62.90322581	22.58064516	NA	NA	NA	NA	NA	NA	NA	201	2656	20	1727	291	17	598	139	0	0	9	39	14	NA	NA	NA	NA	NA	NA	NA
ao	0	100	NA	NA	NA	NA	NA	NA	NA	NA	NA	NA	NA	NA	NA	NA	NA	NA	NA	NA	0	13	NA	NA	NA	NA	NA	NA	NA	NA	NA	NA	NA	NA	NA	NA	NA	NA	NA	NA
ap	25.54744526	74.45255474	1.015965167	96.80696662	2.177068215	3.503184713	71.33757962	25.15923567	0	0.746268657	72.3880597	26.86567164	0	0	59.09090909	40.90909091	0	NA	NA	NA	35	102	7	667	15	11	224	79	0	1	97	36	0	0	13	9	0	NA	NA	NA
aq	NA	NA	0	0	100	0	100	0	0	NA	NA	NA	NA	NA	NA	NA	NA	NA	NA	NA	NA	NA	0	0	28	0	16	0	0	NA	NA	NA	NA	NA	NA	NA	NA	NA	NA	NA
ar	0.251889169	99.74811083	8.202443281	75.91623037	15.88132635	3.728813559	79.49152542	16.77966102	0	0.588235294	70	28.23529412	1.176470588	0	0	100	0	NA	NA	NA	1	396	47	435	91	22	469	99	0	1	119	48	2	0	0	5	0	NA	NA	NA
as	0	100	2.84463895	91.46608315	5.689277899	1.937984496	81.78294574	16.27906977	0	0	62.37623762	37.62376238	0	0	93.75	6.25	0	NA	NA	NA	0	64	13	418	26	10	422	84	0	0	63	38	0	0	30	2	0	NA	NA	NA
at	0	100	1.449275362	84.29951691	14.25120773	10.19607843	81.37254902	8.431372549	0	0.81300813	76.42276423	22.76422764	0	0	0	100	0	NA	NA	NA	0	32	6	349	59	52	415	43	0	1	94	28	0	0	0	11	0	NA	NA	NA
au	0	100	2.242152466	79.37219731	18.38565022	16.85393258	60.6741573	22.47191011	0	0	1.851851852	98.14814815	0	0	83.33333333	16.66666667	0	0	100	NA	0	112	5	177	41	15	54	20	0	0	1	53	0	0	10	2	0	0	9	NA
av	17.53731343	82.46268657	0.81532817	97.88014676	1.304525071	4.118616145	54.03624382	41.84514003	0	2.830188679	79.24528302	17.9245283	0	0	7.142857143	92.85714286	0	NA	NA	NA	282	1326	20	2401	32	25	328	254	0	3	84	19	0	0	1	13	0	NA	NA	NA
az	NA	NA	0	100	0	0	100	0	0	0	33.33333333	66.66666667	0	NA	NA	NA	NA	NA	NA	NA	NA	NA	0	173	0	0	8	0	0	0	1	2	0	NA	NA	NA	NA	NA	NA	NA
ba	2.018348624	97.98165138	1.508916324	91.4951989	6.995884774	0	66.44736842	28.94736842	4.605263158	0	57.14285714	42.85714286	0	NA	NA	NA	NA	NA	NA	NA	22	1068	22	1334	102	0	101	44	7	0	4	3	0	NA	NA	NA	NA	NA	NA	NA
be	1.946647441	98.05335256	0	97.23320158	2.766798419	0	24.24242424	75.75757576	0	0	100	0	0	NA	NA	NA	NA	NA	NA	NA	27	1360	0	246	7	0	48	150	0	0	14	0	0	NA	NA	NA	NA	NA	NA	NA
bi	1.608579088	98.39142091	0.622406639	98.54771784	0.829875519	13.39285714	83.03571429	3.571428571	0	0	80	20	0	NA	NA	NA	NA	NA	NA	NA	6	367	3	475	4	15	93	4	0	0	8	2	0	NA	NA	NA	NA	NA	NA	NA
bl	7.692307692	92.30769231	0	100	0	0	0	100	0	NA	NA	NA	NA	NA	NA	NA	NA	NA	NA	NA	1	12	0	11	0	0	0	1	0	NA	NA	NA	NA	NA	NA	NA	NA	NA	NA	NA
bo	3.398926655	96.60107335	3.614457831	96.38554217	0	0	100	0	0	0	100	0	0	NA	NA	NA	NA	NA	NA	NA	19	540	6	160	0	0	22	0	0	0	4	0	0	NA	NA	NA	NA	NA	NA	NA
br	0.818330606	99.18166939	6.4	62.4	31.2	0	51.47058824	48.52941176	0	0	50	50	0	NA	NA	NA	NA	NA	NA	NA	5	606	8	78	39	0	35	33	0	0	1	1	0	NA	NA	NA	NA	NA	NA	NA
bu	2.488335925	97.51166407	1.142857143	89.14285714	9.714285714	0	82.85714286	17.14285714	0	0	0	0	100	NA	NA	NA	NA	NA	NA	NA	16	627	2	156	17	0	29	6	0	0	0	0	1	NA	NA	NA	NA	NA	NA	NA
ca	3.956478734	96.04352127	2.097661623	89.33975241	8.56258597	5.094339623	75.37735849	19.43396226	0.094339623	1.162790698	62.79069767	36.04651163	0	0	12.5	87.5	0	0	100	NA	120	2913	61	2598	249	54	799	206	1	1	54	31	0	0	9	63	0	0	1	NA
ce	2.826086957	97.17391304	1.91740413	83.03834808	15.04424779	0	63.11787072	36.88212928	0	0	100	0	0	NA	NA	NA	NA	NA	NA	NA	26	894	13	563	102	0	166	97	0	0	13	0	0	NA	NA	NA	NA	NA	NA	NA
ch	15.06696429	84.93303571	3.773584906	61.40651801	34.81989708	0	31.66666667	66.66666667	1.666666667	0	0	80	20	NA	NA	NA	NA	NA	NA	NA	135	761	22	358	203	0	57	120	3	0	0	4	1	NA	NA	NA	NA	NA	NA	NA
ci	40.7734057	59.2265943	11.03117506	71.46282974	17.5059952	0	89.58333333	8.333333333	2.083333333	0	84.7826087	15.2173913	0	NA	NA	NA	NA	0	100	NA	601	873	46	298	73	0	172	16	4	0	39	7	0	NA	NA	NA	NA	0	7	NA
cl	0	100	0	80.43478261	19.56521739	0	0	100	0	0	100	0	0	0	100	0	0	NA	NA	NA	0	155	0	37	9	0	0	11	0	0	16	0	0	0	2	0	0	NA	NA	NA
co	19.18725811	80.81274189	4.551433833	87.79268614	7.655880032	3.917253521	79.66549296	16.06514085	0.352112676	0.841750842	71.88552189	23.56902357	3.703703704	0	61.86440678	38.13559322	0	NA	NA	100	1289	5429	173	3337	291	89	1810	365	8	5	427	140	22	0	73	45	0	NA	NA	16
cr	4.777070064	95.22292994	3.073286052	63.59338061	33.33333333	0	80.20833333	19.79166667	0	NA	NA	NA	NA	NA	NA	NA	NA	NA	NA	NA	15	299	13	269	141	0	77	19	0	NA	NA	NA	NA	NA	NA	NA	NA	NA	NA	NA
cu	1.741293532	98.25870647	0.544959128	74.11444142	25.34059946	33.33333333	58.33333333	8.333333333	0	0	0	100	0	NA	NA	NA	NA	NA	NA	NA	14	790	2	272	93	32	56	8	0	0	0	1	0	NA	NA	NA	NA	NA	NA	NA
da	5.822416303	94.1775837	0.192307692	85.57692308	14.23076923	0	83.82352941	11.76470588	4.411764706	NA	NA	NA	NA	NA	NA	NA	NA	NA	NA	NA	40	647	1	445	74	0	57	8	3	NA	NA	NA	NA	NA	NA	NA	NA	NA	NA	NA
de	0.705882353	99.29411765	1.933216169	73.63796134	24.4288225	1.018329939	64.9694501	33.60488798	0.407331976	0	76.61290323	10.48387097	12.90322581	0	33.33333333	33.33333333	33.33333333	100	0	NA	3	422	11	419	139	5	319	165	2	0	95	13	16	0	1	1	1	6	0	NA
di	1.630674306	98.36932569	2.578167855	89.13878223	8.283049918	5.455962588	65.15978176	29.30631333	0.077942323	1.657458564	79.55801105	18.2320442	0.552486188	0	24	76	0	NA	NA	NA	37	2232	47	1625	151	70	836	376	1	6	288	66	2	0	6	19	0	NA	NA	NA
dl	0	100	NA	NA	NA	NA	NA	NA	NA	NA	NA	NA	NA	NA	NA	NA	NA	NA	NA	NA	0	9	NA	NA	NA	NA	NA	NA	NA	NA	NA	NA	NA	NA	NA	NA	NA	NA	NA	NA
do	3.548895899	96.4511041	6.094182825	77.28531856	16.62049861	0.666666667	41.66666667	57.33333333	0.333333333	0	28.57142857	71.42857143	0	NA	NA	NA	NA	NA	NA	NA	90	2446	88	1116	240	2	125	172	1	0	4	10	0	NA	NA	NA	NA	NA	NA	NA
dr	0	100	0	91.66666667	8.333333333	0	12.5	87.5	0	NA	NA	NA	NA	NA	NA	NA	NA	NA	NA	NA	0	52	0	11	1	0	1	7	0	NA	NA	NA	NA	NA	NA	NA	NA	NA	NA	NA
du	1.291989664	98.70801034	0.359389039	99.01168014	0.628930818	0	91.37931034	8.620689655	0	0	100	0	0	NA	NA	NA	NA	NA	NA	NA	5	382	4	1102	7	0	53	5	0	0	1	0	0	NA	NA	NA	NA	NA	NA	NA
eb	NA	NA	0	100	0	NA	NA	NA	NA	NA	NA	NA	NA	NA	NA	NA	NA	NA	NA	NA	NA	NA	0	46	0	NA	NA	NA	NA	NA	NA	NA	NA	NA	NA	NA	NA	NA	NA	NA
ec	0	100	0	10.66666667	89.33333333	0	69.23076923	30.76923077	0	0	67.21311475	32.78688525	0	NA	NA	NA	NA	NA	NA	NA	0	507	0	24	201	0	36	16	0	0	41	20	0	NA	NA	NA	NA	NA	NA	NA
ed	NA	NA	0	0	100	1.428571429	80	18.57142857	0	0	100	0	0	NA	NA	NA	NA	NA	NA	NA	NA	NA	0	0	7	1	56	13	0	0	22	0	0	NA	NA	NA	NA	NA	NA	NA
ef	NA	NA	0	100	0	0	100	0	0	0	0	100	0	0	88.88888889	11.11111111	0	NA	NA	NA	NA	NA	0	57	0	0	18	0	0	0	0	1	0	0	8	1	0	NA	NA	NA
eg	0	100	0	100	0	0	100	0	0	NA	NA	NA	NA	NA	NA	NA	NA	NA	NA	NA	0	180	0	18	0	0	10	0	0	NA	NA	NA	NA	NA	NA	NA	NA	NA	NA	NA
eh	0	100	100	0	0	NA	NA	NA	NA	NA	NA	NA	NA	NA	NA	NA	NA	NA	NA	NA	0	277	5	0	0	NA	NA	NA	NA	NA	NA	NA	NA	NA	NA	NA	NA	NA	NA	NA
el	0	100	0	100	0	0	77.55905512	22.44094488	0	7.751937984	63.56589147	28.68217054	0	0	16.66666667	83.33333333	0	0	100	NA	0	6	0	42	0	0	197	57	0	10	82	37	0	0	1	5	0	0	7	NA
em	NA	NA	5.714285714	94.28571429	0	0	85.33333333	14.66666667	0	0	91.66666667	8.333333333	0	NA	NA	NA	NA	0	100	NA	NA	NA	2	33	0	0	64	11	0	0	11	1	0	NA	NA	NA	NA	0	1	NA
en	31.33333333	68.66666667	1.857585139	93.49845201	4.643962848	0	82.19178082	17.80821918	0	0	100	0	0	0	100	0	0	NA	NA	NA	47	103	6	302	15	0	120	26	0	0	7	0	0	0	11	0	0	NA	NA	NA
ep	NA	NA	0	54.32098765	45.67901235	0	100	0	0	NA	NA	NA	NA	NA	NA	NA	NA	NA	NA	NA	NA	NA	0	44	37	0	15	0	0	NA	NA	NA	NA	NA	NA	NA	NA	NA	NA	NA
eq	NA	NA	NA	NA	NA	0	81.94444444	18.05555556	0	0	100	0	0	NA	NA	NA	NA	NA	NA	NA	NA	NA	NA	NA	NA	0	59	13	0	0	4	0	0	NA	NA	NA	NA	NA	NA	NA
er	0	100	0	100	0	0	100	0	0	0	83.33333333	0	16.66666667	0	100	0	0	NA	NA	NA	0	157	0	129	0	0	23	0	0	0	5	0	1	0	1	0	0	NA	NA	NA
es	5.645582854	94.35441715	2.58780037	39.88909427	57.52310536	4.701627486	65.28028933	30.01808318	0	0.571428571	77.71428571	20.57142857	1.142857143	0	92.59259259	7.407407407	0	NA	NA	NA	432	7220	70	1079	1556	26	361	166	0	1	136	36	2	0	25	2	0	NA	NA	NA
et	87.5	12.5	0	100	0	0	46.875	53.125	0	NA	NA	NA	NA	NA	NA	NA	NA	NA	NA	NA	77	11	0	49	0	0	15	17	0	NA	NA	NA	NA	NA	NA	NA	NA	NA	NA	NA
eu	NA	NA	NA	NA	NA	0	100	0	0	0	100	0	0	NA	NA	NA	NA	NA	NA	NA	NA	NA	NA	NA	NA	0	32	0	0	0	5	0	0	NA	NA	NA	NA	NA	NA	NA
ev	0	100	1.19047619	86.9047619	11.9047619	4	74.66666667	18.66666667	2.666666667	0	80	0	20	0	100	0	0	NA	NA	NA	0	3	1	73	10	3	56	14	2	0	20	0	5	0	27	0	0	NA	NA	NA
ex	0	100	NA	NA	NA	NA	NA	NA	NA	0	100	0	0	NA	NA	NA	NA	NA	NA	NA	0	1	NA	NA	NA	NA	NA	NA	NA	0	5	0	0	NA	NA	NA	NA	NA	NA	NA
fa	5.075630252	94.92436975	0.675675676	78.78378378	20.54054054	1.515151515	67.53246753	30.3030303	0.649350649	0	33.33333333	61.53846154	5.128205128	0	50	50	0	0	100	NA	151	2824	10	1166	304	7	312	140	3	0	13	24	2	0	7	7	0	0	1	NA
FA	0	100	NA	NA	NA	NA	NA	NA	NA	NA	NA	NA	NA	NA	NA	NA	NA	NA	NA	NA	0	35	NA	NA	NA	NA	NA	NA	NA	NA	NA	NA	NA	NA	NA	NA	NA	NA	NA	NA
fe	9.259259259	90.74074074	0.875273523	86.21444201	12.91028446	15.78947368	48.68421053	35.52631579	0	0	42.85714286	57.14285714	0	NA	NA	NA	NA	NA	NA	NA	35	343	4	394	59	24	74	54	0	0	3	4	0	NA	NA	NA	NA	NA	NA	NA
fi	6.833036245	93.16696376	1.670644391	92.84009547	5.489260143	0	76.05633803	23.94366197	0	0	37.5	62.5	0	NA	NA	NA	NA	NA	NA	NA	115	1568	14	778	46	0	270	85	0	0	9	15	0	NA	NA	NA	NA	NA	NA	NA
fl	0	100	0	100	0	NA	NA	NA	NA	NA	NA	NA	NA	NA	NA	NA	NA	NA	NA	NA	0	35	0	11	0	NA	NA	NA	NA	NA	NA	NA	NA	NA	NA	NA	NA	NA	NA	NA
fo	0.325945241	99.67405476	0.561797753	83.28651685	16.15168539	0	67.17557252	32.82442748	0	0.934579439	69.1588785	29.90654206	0	0	81.81818182	18.18181818	0	NA	NA	NA	5	1529	4	593	115	0	88	43	0	1	74	32	0	0	9	2	0	NA	NA	NA
fr	0.618046972	99.38195303	0	85.26570048	14.73429952	0	93.33333333	6.666666667	0	0	0	100	0	NA	NA	NA	NA	NA	NA	NA	5	804	0	353	61	0	56	4	0	0	0	22	0	NA	NA	NA	NA	NA	NA	NA
fu	1.578947368	98.42105263	1.453488372	93.60465116	4.941860465	2.06185567	77.31958763	20.6185567	0	0	100	0	0	NA	NA	NA	NA	NA	NA	NA	12	748	5	322	17	2	75	20	0	0	7	0	0	NA	NA	NA	NA	NA	NA	NA
ga	0	100	4.504504505	80.18018018	15.31531532	0	92.30769231	7.692307692	0	0	14.28571429	85.71428571	0	NA	NA	NA	NA	NA	NA	NA	0	672	5	89	17	0	84	7	0	0	1	6	0	NA	NA	NA	NA	NA	NA	NA
ge	6.158357771	93.84164223	0	70.35928144	29.64071856	0	95.51020408	4.489795918	0	8.450704225	50.70422535	40.84507042	0	NA	NA	NA	NA	NA	NA	NA	21	320	0	235	99	0	234	11	0	6	36	29	0	NA	NA	NA	NA	NA	NA	NA
gh	0	100	0	100	0	0	100	0	0	NA	NA	NA	NA	NA	NA	NA	NA	NA	NA	NA	0	74	0	31	0	0	2	0	0	NA	NA	NA	NA	NA	NA	NA	NA	NA	NA	NA
gi	2.621919245	97.37808076	2.135561746	77.62302693	20.24141133	0	82.57918552	17.19457014	0.226244344	0	66.66666667	29.62962963	3.703703704	0	0	100	0	NA	NA	NA	50	1857	23	836	218	0	365	76	1	0	18	8	1	0	0	2	0	NA	NA	NA
gl	0	100	0	45.16129032	54.83870968	NA	NA	NA	NA	NA	NA	NA	NA	NA	NA	NA	NA	NA	NA	NA	0	34	0	14	17	NA	NA	NA	NA	NA	NA	NA	NA	NA	NA	NA	NA	NA	NA	NA
gn	0	100	NA	NA	NA	NA	NA	NA	NA	NA	NA	NA	NA	NA	NA	NA	NA	NA	NA	NA	0	50	NA	NA	NA	NA	NA	NA	NA	NA	NA	NA	NA	NA	NA	NA	NA	NA	NA	NA
go	2.105263158	97.89473684	0	81.48148148	18.51851852	0	56.8627451	43.1372549	0	0	92.85714286	7.142857143	0	NA	NA	NA	NA	NA	NA	NA	4	186	0	66	15	0	29	22	0	0	13	1	0	NA	NA	NA	NA	NA	NA	NA
gr	3.655107779	96.34489222	3.8647343	84.05797101	12.07729469	0	50.94339623	49.05660377	0	0	50	50	0	NA	NA	NA	NA	NA	NA	NA	78	2056	8	174	25	0	54	52	0	0	1	1	0	NA	NA	NA	NA	NA	NA	NA
gu	7.206068268	92.79393173	1.339285714	92.85714286	5.803571429	1.492537313	37.31343284	58.20895522	2.985074627	0	58.33333333	41.66666667	0	NA	NA	NA	NA	NA	NA	NA	57	734	6	416	26	1	25	39	2	0	7	5	0	NA	NA	NA	NA	NA	NA	NA
ho	55.55555556	44.44444444	NA	NA	NA	NA	NA	NA	NA	NA	NA	NA	NA	NA	NA	NA	NA	NA	NA	NA	10	8	NA	NA	NA	NA	NA	NA	NA	NA	NA	NA	NA	NA	NA	NA	NA	NA	NA	NA
id	0	100	0.938967136	97.18309859	1.877934272	14.81481481	55.55555556	29.62962963	0	NA	NA	NA	NA	NA	NA	NA	NA	NA	NA	NA	0	11	2	207	4	8	30	16	0	NA	NA	NA	NA	NA	NA	NA	NA	NA	NA	NA
ie	0	100	NA	NA	NA	NA	NA	NA	NA	NA	NA	NA	NA	NA	NA	NA	NA	NA	NA	NA	0	51	NA	NA	NA	NA	NA	NA	NA	NA	NA	NA	NA	NA	NA	NA	NA	NA	NA	NA
ig	NA	NA	14.28571429	85.71428571	0	0	50	50	0	0	0	100	0	NA	NA	NA	NA	NA	NA	NA	NA	NA	1	6	0	0	5	5	0	0	0	1	0	NA	NA	NA	NA	NA	NA	NA
ii	NA	NA	0	100	0	NA	NA	NA	NA	NA	NA	NA	NA	NA	NA	NA	NA	NA	NA	NA	NA	NA	0	57	0	NA	NA	NA	NA	NA	NA	NA	NA	NA	NA	NA	NA	NA	NA	NA
il	NA	NA	0	100	0	9.302325581	60.46511628	30.23255814	0	0	94.68085106	1.063829787	4.255319149	0	88.88888889	11.11111111	0	NA	NA	NA	NA	NA	0	14	0	4	26	13	0	0	89	1	4	0	16	2	0	NA	NA	NA
im	0	100	4.049844237	95.3271028	0.62305296	1.764705882	78.67647059	19.26470588	0.294117647	0	65.32846715	34.67153285	0	0	65.89147287	34.10852713	0	NA	NA	NA	0	28	13	306	2	12	535	131	2	0	179	95	0	0	85	44	0	NA	NA	NA
in	60	40	3.329416373	93.06698002	3.603603604	3.143812709	82.0735786	14.51505017	0.267558528	0.144300144	68.10966811	31.45743146	0.288600289	0	39.66942149	59.50413223	0.826446281	35.71428571	64.28571429	NA	9	6	85	2376	92	47	1227	217	4	1	472	218	2	0	48	72	1	5	9	NA
io	0	100	NA	NA	NA	NA	NA	NA	NA	NA	NA	NA	NA	NA	NA	NA	NA	NA	NA	NA	0	1340	NA	NA	NA	NA	NA	NA	NA	NA	NA	NA	NA	NA	NA	NA	NA	NA	NA	NA
ip	NA	NA	NA	NA	NA	0	0	100	0	0	0	100	0	NA	NA	NA	NA	NA	NA	NA	NA	NA	NA	NA	NA	0	0	27	0	0	0	8	0	NA	NA	NA	NA	NA	NA	NA
ir	0	100	100	0	0	0	91.66666667	0	8.333333333	0	100	0	0	NA	NA	NA	NA	NA	NA	NA	0	8	2	0	0	0	11	0	1	0	9	0	0	NA	NA	NA	NA	NA	NA	NA
is	0	100	0	36.18090452	63.81909548	0.917431193	87.1559633	11.9266055	0	0	100	0	0	NA	NA	NA	NA	NA	NA	NA	0	2	0	72	127	1	95	13	0	0	1	0	0	NA	NA	NA	NA	NA	NA	NA
it	NA	NA	NA	NA	NA	0	100	0	0	0	100	0	0	NA	NA	NA	NA	NA	NA	NA	NA	NA	NA	NA	NA	0	86	0	0	0	8	0	0	NA	NA	NA	NA	NA	NA	NA
je	0	100	NA	NA	NA	NA	NA	NA	NA	NA	NA	NA	NA	NA	NA	NA	NA	NA	NA	NA	0	4	NA	NA	NA	NA	NA	NA	NA	NA	NA	NA	NA	NA	NA	NA	NA	NA	NA	NA
ju	0	100	NA	NA	NA	NA	NA	NA	NA	NA	NA	NA	NA	NA	NA	NA	NA	NA	NA	NA	0	8	NA	NA	NA	NA	NA	NA	NA	NA	NA	NA	NA	NA	NA	NA	NA	NA	NA	NA
la	17.88990826	82.11009174	1.118012422	85.0931677	13.78881988	0.390625	73.4375	25.78125	0.390625	0	71.18644068	28.81355932	0	NA	NA	NA	NA	NA	NA	NA	156	716	9	685	111	1	188	66	1	0	42	17	0	NA	NA	NA	NA	NA	NA	NA
le	2.559726962	97.44027304	0.417246175	65.64673157	33.93602225	0	82.30769231	17.69230769	0	0	84.21052632	15.78947368	0	NA	NA	NA	NA	NA	NA	NA	15	571	3	472	244	0	107	23	0	0	16	3	0	NA	NA	NA	NA	NA	NA	NA
li	0.643776824	99.35622318	9.037900875	25.0728863	65.88921283	3.03030303	81.06060606	8.333333333	7.575757576	0	57.69230769	42.30769231	0	0	0	100	0	NA	NA	NA	3	463	31	86	226	4	107	11	10	0	15	11	0	0	0	1	0	NA	NA	NA
lo	0	100	0	92.12328767	7.876712329	27.65957447	70.21276596	2.127659574	0	0	70	30	0	NA	NA	NA	NA	NA	NA	NA	0	933	0	269	23	13	33	1	0	0	7	3	0	NA	NA	NA	NA	NA	NA	NA
lu	0	100	20.8	52	27.2	0	65.34653465	32.67326733	1.98019802	0	0	100	0	0	0	100	0	NA	NA	NA	0	1693	26	65	34	0	66	33	2	0	0	1	0	0	0	1	0	NA	NA	NA
ma	2.611806798	97.3881932	2.426916713	75.0689465	22.50413679	0	73.99328859	25.5033557	0.503355705	1.538461538	47.69230769	49.23076923	1.538461538	0	100	0	0	NA	NA	NA	73	2722	44	1361	408	0	441	152	3	1	31	32	1	0	9	0	0	NA	NA	NA
me	4.73399459	95.26600541	2.377179081	47.86053883	49.76228209	5.396825397	64.44444444	28.57142857	1.587301587	0.854700855	88.03418803	10.25641026	0.854700855	0	80	20	0	NA	NA	NA	105	2113	15	302	314	17	203	90	5	1	103	12	1	0	4	1	0	NA	NA	NA
mi	0.979886539	99.02011346	0.373599004	89.04109589	10.58530511	0	76.63817664	23.36182336	0	0	13.63636364	86.36363636	0	NA	NA	NA	NA	NA	NA	NA	19	1920	3	715	85	0	269	82	0	0	3	19	0	NA	NA	NA	NA	NA	NA	NA
mo	1.448040886	98.55195911	3.441494592	88.29891839	8.259587021	0	69.56521739	29.56521739	0.869565217	0	75.55555556	17.77777778	6.666666667	NA	NA	NA	NA	NA	NA	NA	34	2314	35	898	84	0	160	68	2	0	34	8	3	NA	NA	NA	NA	NA	NA	NA
mu	1.086956522	98.91304348	0.867052023	39.30635838	59.8265896	0	70	30	0	0	100	0	0	NA	NA	NA	NA	NA	NA	NA	3	273	3	136	207	0	56	24	0	0	4	0	0	NA	NA	NA	NA	NA	NA	NA
na	0	100	0.446428571	86.60714286	12.94642857	2.202643172	79.29515419	18.50220264	0	0	87.85714286	12.14285714	0	NA	NA	NA	NA	NA	NA	NA	0	407	2	388	58	5	180	42	0	0	123	17	0	NA	NA	NA	NA	NA	NA	NA
ne	13.69047619	86.30952381	0.14084507	97.88732394	1.971830986	11.66666667	88.33333333	0	0	0	0	100	0	NA	NA	NA	NA	NA	NA	NA	69	435	1	695	14	14	106	0	0	0	0	1	0	NA	NA	NA	NA	NA	NA	NA
ni	1.298701299	98.7012987	0	100	0	0	100	0	0	NA	NA	NA	NA	NA	NA	NA	NA	NA	NA	NA	5	380	0	97	0	0	4	0	0	NA	NA	NA	NA	NA	NA	NA	NA	NA	NA	NA
no	0.716392752	99.28360725	7.931034483	76.20689655	15.86206897	0.925925926	80.55555556	18.51851852	0	0	90.32258065	9.677419355	0	NA	NA	NA	NA	NA	NA	NA	17	2356	23	221	46	1	87	20	0	0	28	3	0	NA	NA	NA	NA	NA	NA	NA
nu	0.289435601	99.7105644	0	12.27621483	87.72378517	0	86.29032258	13.70967742	0	0	100	0	0	0	0	100	0	NA	NA	NA	2	689	0	48	343	0	107	17	0	0	2	0	0	0	0	5	0	NA	NA	NA
oa	NA	NA	0	0	100	NA	NA	NA	NA	NA	NA	NA	NA	NA	NA	NA	NA	NA	NA	NA	NA	NA	0	0	15	NA	NA	NA	NA	NA	NA	NA	NA	NA	NA	NA	NA	NA	NA	NA
ob	NA	NA	16.66666667	38.88888889	44.44444444	0	100	0	0	0	50	50	0	NA	NA	NA	NA	NA	NA	NA	NA	NA	3	7	8	0	89	0	0	0	1	1	0	NA	NA	NA	NA	NA	NA	NA
oc	0	100	2.158273381	84.89208633	12.94964029	1.282051282	60.25641026	36.32478632	2.136752137	0	75	25	0	0	0	100	0	NA	NA	NA	0	428	3	118	18	3	141	85	5	0	30	10	0	0	0	2	0	NA	NA	NA
od	0	100	0	98.27586207	1.724137931	0	100	0	0	NA	NA	NA	NA	NA	NA	NA	NA	NA	NA	NA	0	14	0	57	1	0	1	0	0	NA	NA	NA	NA	NA	NA	NA	NA	NA	NA	NA
of	6.666666667	93.33333333	0	88.11881188	11.88118812	0	44.44444444	55.55555556	0	NA	NA	NA	NA	NA	NA	NA	NA	NA	NA	NA	2	28	0	89	12	0	8	10	0	NA	NA	NA	NA	NA	NA	NA	NA	NA	NA	NA
og	0	100	0	100	0	NA	NA	NA	NA	NA	NA	NA	NA	NA	NA	NA	NA	NA	NA	NA	0	870	0	154	0	NA	NA	NA	NA	NA	NA	NA	NA	NA	NA	NA	NA	NA	NA	NA
oh	0	100	NA	NA	NA	NA	NA	NA	NA	NA	NA	NA	NA	NA	NA	NA	NA	NA	NA	NA	0	33	NA	NA	NA	NA	NA	NA	NA	NA	NA	NA	NA	NA	NA	NA	NA	NA	NA	NA
ok	NA	NA	0	100	0	NA	NA	NA	NA	NA	NA	NA	NA	NA	NA	NA	NA	NA	NA	NA	NA	NA	0	22	0	NA	NA	NA	NA	NA	NA	NA	NA	NA	NA	NA	NA	NA	NA	NA
ol	0	100	0	100	0	0	36.36363636	63.63636364	0	0	0	100	0	NA	NA	NA	NA	NA	NA	NA	0	142	0	21	0	0	8	14	0	0	0	24	0	NA	NA	NA	NA	NA	NA	NA
om	0	100	0	100	0	0	100	0	0	NA	NA	NA	NA	NA	NA	NA	NA	NA	NA	NA	0	73	0	77	0	0	6	0	0	NA	NA	NA	NA	NA	NA	NA	NA	NA	NA	NA
on	1.470588235	98.52941176	0	100	0	0	77.77777778	22.22222222	0	0	0	100	0	NA	NA	NA	NA	NA	NA	NA	1	67	0	66	0	0	7	2	0	0	0	8	0	NA	NA	NA	NA	NA	NA	NA
oo	0	100	NA	NA	NA	NA	NA	NA	NA	NA	NA	NA	NA	NA	NA	NA	NA	NA	NA	NA	0	52	NA	NA	NA	NA	NA	NA	NA	NA	NA	NA	NA	NA	NA	NA	NA	NA	NA	NA
op	100	0	0	70.68965517	29.31034483	0	98.48484848	0	1.515151515	0	100	0	0	NA	NA	NA	NA	NA	NA	NA	8	0	0	123	51	0	65	0	1	0	60	0	0	NA	NA	NA	NA	NA	NA	NA
or	0	100	4.980842912	65.51724138	29.50191571	0.318471338	73.56687898	26.11464968	0	1	96	3	0	0	100	0	0	0	100	NA	0	1292	26	342	154	1	231	82	0	1	96	3	0	0	14	0	0	0	2	NA
os	2.97029703	97.02970297	5.62248996	67.06827309	27.30923695	7.441860465	66.97674419	25.58139535	0	13.55932203	67.79661017	18.6440678	0	NA	NA	NA	NA	NA	NA	NA	3	98	14	167	68	16	144	55	0	8	40	11	0	NA	NA	NA	NA	NA	NA	NA
ot	100	0	0.757575758	50	49.24242424	0	95.65217391	4.347826087	0	0	98.48484848	1.515151515	0	NA	NA	NA	NA	NA	NA	NA	1	0	1	66	65	0	66	3	0	0	65	1	0	NA	NA	NA	NA	NA	NA	NA
ou	NA	NA	0	100	0	NA	NA	NA	NA	NA	NA	NA	NA	NA	NA	NA	NA	NA	NA	NA	NA	NA	0	14	0	NA	NA	NA	NA	NA	NA	NA	NA	NA	NA	NA	NA	NA	NA	NA
ov	0	100	0	100	0	0	100	0	0	NA	NA	NA	NA	NA	NA	NA	NA	NA	NA	NA	0	48	0	16	0	0	10	0	0	NA	NA	NA	NA	NA	NA	NA	NA	NA	NA	NA
oz	NA	NA	0	100	0	NA	NA	NA	NA	NA	NA	NA	NA	NA	NA	NA	NA	NA	NA	NA	NA	NA	0	10	0	NA	NA	NA	NA	NA	NA	NA	NA	NA	NA	NA	NA	NA	NA	NA
pa	13.08113036	86.91886964	1.099267155	81.97868088	16.92205197	0.124688279	83.66583541	15.96009975	0.249376559	3	75	20	2	0	55.31914894	42.55319149	2.127659574	NA	NA	NA	287	1907	33	2461	508	1	671	128	2	6	150	40	4	0	26	20	1	NA	NA	NA
pe	60.33222591	39.66777409	1.64365549	79.61867193	18.73767258	1.331114809	50.91514143	47.75374376	0	0	84.32835821	14.17910448	1.492537313	0	0	100	0	0	100	NA	1816	1194	25	1211	285	8	306	287	0	0	113	19	2	0	0	1	0	0	4	NA
pf	0	100	NA	NA	NA	NA	NA	NA	NA	NA	NA	NA	NA	NA	NA	NA	NA	NA	NA	NA	0	31	NA	NA	NA	NA	NA	NA	NA	NA	NA	NA	NA	NA	NA	NA	NA	NA	NA	NA
pi	2.549246813	97.45075319	0.517799353	49.51456311	49.96763754	0.574712644	74.71264368	24.13793103	0.574712644	0	8.333333333	91.66666667	0	NA	NA	NA	NA	NA	NA	NA	44	1682	8	765	772	1	130	42	1	0	2	22	0	NA	NA	NA	NA	NA	NA	NA
pl	NA	NA	0	64	36	NA	NA	NA	NA	NA	NA	NA	NA	NA	NA	NA	NA	NA	NA	NA	NA	NA	0	32	18	NA	NA	NA	NA	NA	NA	NA	NA	NA	NA	NA	NA	NA	NA	NA
po	19.75717439	80.24282561	1.444547996	69.15191053	29.40354147	0	58.79396985	41.08040201	0.125628141	41.79104478	39.55223881	15.67164179	2.985074627	0	0	100	0	NA	NA	NA	716	2908	31	1484	631	0	468	327	1	56	53	21	4	0	0	3	0	NA	NA	NA
pr	0.391261819	99.60873818	6.456107757	69.80956804	23.7343242	4.463690873	77.21518987	17.45502998	0.866089274	0	78	20.57142857	1.428571429	0	30.43478261	69.56521739	0	NA	NA	NA	12	3055	139	1503	511	67	1159	262	13	0	273	72	5	0	7	16	0	NA	NA	NA
ps	NA	NA	NA	NA	NA	NA	NA	NA	NA	0	0	100	0	0	0	100	0	NA	NA	NA	NA	NA	NA	NA	NA	NA	NA	NA	NA	0	0	7	0	0	0	1	0	NA	NA	NA
pu	3.74015748	96.25984252	0.961538462	78.52564103	20.51282051	19.44444444	68.05555556	12.5	0	0	100	0	0	NA	NA	NA	NA	NA	NA	NA	19	489	3	245	64	14	49	9	0	0	15	0	0	NA	NA	NA	NA	NA	NA	NA
qu	0.446043165	99.55395683	12.3255814	84.76744186	2.906976744	0	75.16778523	24.83221477	0	0	100	0	0	NA	NA	NA	NA	NA	NA	NA	31	6919	106	729	25	0	224	74	0	0	1	0	0	NA	NA	NA	NA	NA	NA	NA
ra	0.787401575	99.21259843	1.949634444	95.6133225	2.437043054	5.473684211	63.15789474	31.36842105	0	0.520833333	73.95833333	24.47916667	1.041666667	0	71.42857143	28.57142857	0	NA	NA	NA	3	378	24	1177	30	26	300	149	0	1	142	47	2	0	15	6	0	NA	NA	NA
re	4.80349345	95.19650655	12.83068783	67.59259259	19.57671958	2.375296912	73.87173397	22.56532067	1.187648456	1.282051282	80.12820513	18.58974359	0	33.33333333	50	16.66666667	0	NA	NA	NA	22	436	97	511	148	10	311	95	5	2	125	29	0	10	15	5	0	NA	NA	NA
ri	13.36760925	86.63239075	5.706191825	90.69202752	3.601780656	3.494467094	70.87944089	25.5678509	0.058241118	1.654846336	50.35460993	47.5177305	0.472813239	0	67.64705882	32.35294118	0	NA	NA	NA	52	337	141	2241	89	60	1217	439	1	7	213	201	2	0	23	11	0	NA	NA	NA
ro	5.62248996	94.37751004	3.621169916	76.88022284	19.49860724	0	78.04878049	21.95121951	0	0	33.33333333	66.66666667	0	NA	NA	NA	NA	NA	NA	NA	42	705	13	276	70	0	64	18	0	0	1	2	0	NA	NA	NA	NA	NA	NA	NA
ru	3.968253968	96.03174603	0.649350649	93.83116883	5.519480519	0	94.44444444	5.555555556	0	NA	NA	NA	NA	0	0	100	0	NA	NA	NA	5	121	2	289	17	0	34	2	0	NA	NA	NA	NA	0	0	2	0	NA	NA	NA
sa	6.08943863	93.91056137	1.402805611	91.28256513	7.314629259	0.452488688	66.06334842	33.4841629	0	3.333333333	73.33333333	23.33333333	0	0	0	100	0	NA	NA	NA	64	987	14	911	73	1	146	74	0	1	22	7	0	0	0	1	0	NA	NA	NA
sb	11.9047619	88.0952381	5.594405594	87.41258741	6.993006993	2.777777778	58.33333333	38.88888889	0	0	12.5	87.5	0	0	0	100	0	NA	NA	NA	10	74	8	125	10	1	21	14	0	0	1	7	0	0	0	1	0	NA	NA	NA
sc	3.968642822	96.03135718	2.466525722	68.07610994	29.45736434	0.69124424	55.29953917	42.62672811	1.382488479	0	48.97959184	44.89795918	6.12244898	0	0	100	0	NA	NA	NA	81	1960	35	966	418	3	240	185	6	0	24	22	3	0	0	1	0	NA	NA	NA
sd	14.28571429	85.71428571	0	90.90909091	9.090909091	0	100	0	0	NA	NA	NA	NA	NA	NA	NA	NA	NA	NA	NA	1	6	0	10	1	0	1	0	0	NA	NA	NA	NA	NA	NA	NA	NA	NA	NA	NA
se	3.080477474	96.91952253	1.711122295	82.93910418	15.34977353	0.380952381	64.95238095	34.47619048	0.19047619	0	82.95454545	17.04545455	0	0	100	0	0	NA	NA	NA	80	2517	34	1648	305	2	341	181	1	0	73	15	0	0	1	0	0	NA	NA	NA
sf	7.438016529	92.56198347	4.201680672	89.91596639	5.882352941	0	73.52941176	26.47058824	0	0	0	100	0	0	100	0	0	NA	NA	NA	9	112	5	107	7	0	25	9	0	0	0	2	0	0	1	0	0	NA	NA	NA
sg	1.470588235	98.52941176	0	100	0	0	28.57142857	71.42857143	0	0	0	100	0	NA	NA	NA	NA	NA	NA	NA	1	67	0	20	0	0	4	10	0	0	0	2	0	NA	NA	NA	NA	NA	NA	NA
si	13.42281879	86.57718121	0.60483871	73.18548387	26.20967742	0.81300813	68.69918699	30.48780488	0	0	85.86956522	5.434782609	8.695652174	0	27.27272727	72.72727273	0	NA	NA	NA	20	129	6	726	260	4	338	150	0	0	79	5	8	0	6	16	0	NA	NA	NA
sl	0	100	0	100	0	NA	NA	NA	NA	NA	NA	NA	NA	NA	NA	NA	NA	NA	NA	NA	0	47	0	4	0	NA	NA	NA	NA	NA	NA	NA	NA	NA	NA	NA	NA	NA	NA	NA
sm	9.090909091	90.90909091	1.587301587	50.79365079	47.61904762	0	9.090909091	90.90909091	0	NA	NA	NA	NA	NA	NA	NA	NA	NA	NA	NA	3	30	1	32	30	0	1	10	0	NA	NA	NA	NA	NA	NA	NA	NA	NA	NA	NA
sn	0	100	NA	NA	NA	NA	NA	NA	NA	NA	NA	NA	NA	NA	NA	NA	NA	NA	NA	NA	0	4	NA	NA	NA	NA	NA	NA	NA	NA	NA	NA	NA	NA	NA	NA	NA	NA	NA	NA
so	1.02862254	98.97137746	4.169944925	86.38867034	9.441384736	0.54446461	88.7477314	10.70780399	0	0.591715976	45.56213018	53.84615385	0	0	29.16666667	70.83333333	0	0	100	NA	23	2213	53	1098	120	3	489	59	0	1	77	91	0	0	7	17	0	0	1	NA
sp	3.762541806	96.23745819	3.29218107	78.7037037	18.00411523	4.221635884	60.68601583	35.09234828	0	2.272727273	52.27272727	43.18181818	2.272727273	0	0	100	0	NA	NA	NA	45	1151	32	765	175	16	230	133	0	1	23	19	1	0	0	29	0	NA	NA	NA
sq	1.470588235	98.52941176	0	100	0	0	100	0	0	NA	NA	NA	NA	NA	NA	NA	NA	NA	NA	NA	1	67	0	17	0	0	1	0	0	NA	NA	NA	NA	NA	NA	NA	NA	NA	NA	NA
ss	NA	NA	0	100	0	0	100	0	0	NA	NA	NA	NA	NA	NA	NA	NA	NA	NA	NA	NA	NA	0	14	0	0	6	0	0	NA	NA	NA	NA	NA	NA	NA	NA	NA	NA	NA
st	1.309603761	98.69039624	1.396648045	79.32960894	19.27374302	0	78.76712329	21.23287671	0	0	75.72815534	24.27184466	0	0	33.33333333	66.66666667	0	NA	NA	NA	39	2939	15	852	207	0	115	31	0	0	78	25	0	0	1	2	0	NA	NA	NA
su	0.177777778	99.82222222	1.109570042	68.51595007	30.37447989	2.933333333	84.53333333	12.53333333	0	0	75.75757576	24.24242424	0	0	100	0	0	NA	NA	NA	4	2246	16	988	438	11	317	47	0	0	25	8	0	0	15	0	0	NA	NA	NA
sv	8.823529412	91.17647059	8.484848485	76.36363636	15.15151515	6	66	28	0	5.882352941	35.29411765	58.82352941	0	0	0	100	0	NA	NA	NA	15	155	14	126	25	3	33	14	0	1	6	10	0	0	0	1	0	NA	NA	NA
ta	0.590405904	99.4095941	0.537634409	66.93548387	32.52688172	0	82.11382114	17.88617886	0	0	50	50	0	NA	NA	NA	NA	NA	NA	NA	8	1347	2	249	121	0	101	22	0	0	1	1	0	NA	NA	NA	NA	NA	NA	NA
te	1.816443595	98.18355641	0.792751982	79.38844847	19.81879955	0.460829493	57.60368664	41.01382488	0.921658986	0	84.80392157	14.21568627	0.980392157	0	66.66666667	33.33333333	0	NA	NA	NA	38	2054	7	701	175	2	250	178	4	0	173	29	2	0	2	1	0	NA	NA	NA
ti	8.262108262	91.73789174	0.4784689	54.06698565	45.45454545	0	41.37931034	58.62068966	0	NA	NA	NA	NA	NA	NA	NA	NA	NA	NA	NA	29	322	1	113	95	0	12	17	0	NA	NA	NA	NA	NA	NA	NA	NA	NA	NA	NA
to	8.777429467	91.22257053	6.722689076	81.09243697	12.18487395	0.364963504	85.76642336	13.50364964	0.364963504	0	100	0	0	NA	NA	NA	NA	NA	NA	NA	56	582	32	386	58	1	235	37	1	0	2	0	0	NA	NA	NA	NA	NA	NA	NA
tr	8.506616257	91.49338374	3.574542284	80.90671316	15.51874455	2.213279678	70.22132797	27.56539235	0	0	95.40918164	4.590818363	0	NA	NA	NA	NA	NA	NA	NA	90	968	41	928	178	11	349	137	0	0	478	23	0	NA	NA	NA	NA	NA	NA	NA
ts	0	100	NA	NA	NA	NA	NA	NA	NA	NA	NA	NA	NA	NA	NA	NA	NA	NA	NA	NA	0	42	NA	NA	NA	NA	NA	NA	NA	NA	NA	NA	NA	NA	NA	NA	NA	NA	NA	NA
tu	0.669082799	99.3309172	1.162790698	97.6744186	1.162790698	0	80.21978022	19.78021978	0	NA	NA	NA	NA	NA	NA	NA	NA	NA	NA	NA	24	3563	1	84	1	0	73	18	0	NA	NA	NA	NA	NA	NA	NA	NA	NA	NA	NA
tv	0	100	NA	NA	NA	NA	NA	NA	NA	NA	NA	NA	NA	NA	NA	NA	NA	NA	NA	NA	0	56	NA	NA	NA	NA	NA	NA	NA	NA	NA	NA	NA	NA	NA	NA	NA	NA	NA	NA
ua	0	100	NA	NA	NA	NA	NA	NA	NA	0	100	0	0	NA	NA	NA	NA	NA	NA	NA	0	39	NA	NA	NA	NA	NA	NA	NA	0	31	0	0	NA	NA	NA	NA	NA	NA	NA
ub	NA	NA	0	100	0	0	100	0	0	0	33.33333333	66.66666667	0	NA	NA	NA	NA	NA	NA	NA	NA	NA	0	1	0	0	25	0	0	0	1	2	0	NA	NA	NA	NA	NA	NA	NA
uc	NA	NA	0	100	0	4.210526316	57.89473684	37.89473684	0	0	87.5	12.5	0	NA	NA	NA	NA	NA	NA	NA	NA	NA	0	179	0	4	55	36	0	0	7	1	0	NA	NA	NA	NA	NA	NA	NA
ud	67.85714286	32.14285714	0	93.61702128	6.382978723	0	0	100	0	NA	NA	NA	NA	NA	NA	NA	NA	NA	NA	NA	19	9	0	44	3	0	0	4	0	NA	NA	NA	NA	NA	NA	NA	NA	NA	NA	NA
uf	0	100	0	100	0	0	100	0	0	NA	NA	NA	NA	NA	NA	NA	NA	NA	NA	NA	0	54	0	51	0	0	25	0	0	NA	NA	NA	NA	NA	NA	NA	NA	NA	NA	NA
ug	12.5	87.5	0	100	0	0	100	0	0	NA	NA	NA	NA	NA	NA	NA	NA	NA	NA	NA	2	14	0	102	0	0	13	0	0	NA	NA	NA	NA	NA	NA	NA	NA	NA	NA	NA
ul	NA	NA	0	1.271186441	98.72881356	0	100	0	0	0	100	0	0	NA	NA	NA	NA	NA	NA	NA	NA	NA	0	3	233	0	3	0	0	0	8	0	0	NA	NA	NA	NA	NA	NA	NA
um	100	0	0	62.61682243	37.38317757	100	0	0	0	NA	NA	NA	NA	NA	NA	NA	NA	NA	NA	NA	1	0	0	67	40	29	0	0	0	NA	NA	NA	NA	NA	NA	NA	NA	NA	NA	NA
un	34.94065282	65.05934718	15.43859649	32.28070175	52.28070175	0	58.53658537	41.46341463	0	50	50	0	0	NA	NA	NA	NA	NA	NA	NA	471	877	44	92	149	0	24	17	0	9	9	0	0	NA	NA	NA	NA	NA	NA	NA
uo	0	100	0	0.427350427	99.57264957	0	100	0	0	0	100	0	0	NA	NA	NA	NA	NA	NA	NA	0	545	0	1	233	0	3	0	0	0	2	0	0	NA	NA	NA	NA	NA	NA	NA
ur	65.15151515	34.84848485	0	95.77464789	4.225352113	0	91.66666667	8.333333333	0	NA	NA	NA	NA	NA	NA	NA	NA	NA	NA	NA	43	23	0	68	3	0	11	1	0	NA	NA	NA	NA	NA	NA	NA	NA	NA	NA	NA
us	18.75	81.25	3.807106599	83.50253807	12.69035533	0	34.61538462	65.38461538	0	NA	NA	NA	NA	NA	NA	NA	NA	NA	NA	NA	45	195	15	329	50	0	18	34	0	NA	NA	NA	NA	NA	NA	NA	NA	NA	NA	NA
ut	NA	NA	0	0	100	20	80	0	0	1.785714286	78.57142857	19.64285714	0	0	0	100	0	NA	NA	NA	NA	NA	0	0	60	1	4	0	0	1	44	11	0	0	0	1	0	NA	NA	NA
uv	0	100	NA	NA	NA	NA	NA	NA	NA	NA	NA	NA	NA	NA	NA	NA	NA	NA	NA	NA	0	31	NA	NA	NA	NA	NA	NA	NA	NA	NA	NA	NA	NA	NA	NA	NA	NA	NA	NA
va	0.980392157	99.01960784	3.963414634	89.63414634	6.402439024	0	72.72727273	27.27272727	0	0	100	0	0	NA	NA	NA	NA	NA	NA	NA	3	303	13	294	21	0	32	12	0	0	23	0	0	NA	NA	NA	NA	NA	NA	NA
ve	3.38038633	96.61961367	3.604088219	80.52716514	15.86874664	16.13691932	55.25672372	28.60635697	0	0	85.91549296	11.26760563	2.816901408	0	93.87755102	4.081632653	2.040816327	NA	NA	NA	91	2601	67	1497	295	66	226	117	0	0	61	8	2	0	46	2	1	NA	NA	NA
VE	0	100	NA	NA	NA	0	0	100	0	NA	NA	NA	NA	NA	NA	NA	NA	NA	NA	NA	0	441	NA	NA	NA	0	0	2	0	NA	NA	NA	NA	NA	NA	NA	NA	NA	NA	NA
vi	0.262467192	99.73753281	0.893582453	67.42485784	31.68155971	1.595744681	69.68085106	28.72340426	0	2.5	70	27.5	0	0	0	100	0	NA	NA	100	4	1520	11	830	390	3	131	54	0	1	28	11	0	0	0	1	0	NA	NA	3
vo	2.265500795	97.73449921	3.537735849	87.85377358	8.608490566	0	44.68085106	55.31914894	0	0	96.42857143	3.571428571	0	NA	NA	NA	NA	NA	NA	NA	57	2459	30	745	73	0	42	52	0	0	27	1	0	NA	NA	NA	NA	NA	NA	NA
vu	1.428571429	98.57142857	0	96.55172414	3.448275862	0	7.142857143	92.85714286	0	NA	NA	NA	NA	NA	NA	NA	NA	NA	NA	NA	1	69	0	28	1	0	1	13	0	NA	NA	NA	NA	NA	NA	NA	NA	NA	NA	NA
za	0	100	10	90	0	0	100	0	0	NA	NA	NA	NA	NA	NA	NA	NA	NA	NA	NA	0	46	2	18	0	0	2	0	0	NA	NA	NA	NA	NA	NA	NA	NA	NA	NA	NA
ze	0	100	NA	NA	NA	0	100	0	0	NA	NA	NA	NA	NA	NA	NA	NA	NA	NA	NA	0	25	NA	NA	NA	0	7	0	0	NA	NA	NA	NA	NA	NA	NA	NA	NA	NA	NA
zi	0	100	0	63.15789474	36.84210526	0	100	0	0	NA	NA	NA	NA	NA	NA	NA	NA	NA	NA	NA	0	758	0	12	7	0	6	0	0	NA	NA	NA	NA	NA	NA	NA	NA	NA	NA	NA
zo	0	100	0	0	100	NA	NA	NA	NA	0	0	100	0	NA	NA	NA	NA	NA	NA	NA	0	124	0	0	8	NA	NA	NA	NA	0	0	7	0	NA	NA	NA	NA	NA	NA	NA
zu	0	100	0	0	100	NA	NA	NA	NA	NA	NA	NA	NA	NA	NA	NA	NA	NA	NA	NA	0	33	0	0	38	NA	NA	NA	NA	NA	NA	NA	NA	NA	NA	NA	NA	NA	NA	NA
