2lett	S2_%ULT_Ty	S2_%PULT_Ty	S3_%ULT_Ty	S3_%PULT_Ty	S3_%APULT_Ty	S4_%ULT_Ty	S4_%PULT_Ty	S4_%APULT_Ty	S4_%PAPULT_Ty	S5_%ULT_Ty	S5_%PULT_Ty	S5_%APULT_Ty	S5_%PAPULT_Ty	S6_%ULT_Ty	S6_%PULT_Ty	S6_%APULT_Ty	S6_%PAPULT_Ty	S7_%PULT_Ty	S7_%APULT_Ty	S8_%PULT_Ty	S2_nULT_Ty	S2_nPULT_Ty	S3_nULT_Ty	S3_nPULT_Ty	S3_nAPULT_Ty	S4_nULT_Ty	S4_nPULT_Ty	S4_nAPULT_Ty	S4_nPAPULT_Ty	S5_nULT_Ty	S5_nPULT_Ty	S5_nAPULT_Ty	S5_nPAPULT_Ty	S6_nULT_Ty	S6_nPULT_Ty	S6_nAPULT_Ty	S6_nPAPULT_Ty	S7_nPULT_Ty	S7_nAPULT_Ty	S8_nPULT_Ty
aa	NA	NA	NA	100	NA	NA	NA	NA	NA	NA	NA	NA	NA	NA	NA	NA	NA	NA	NA	NA	NA	NA	NA	1	NA	NA	NA	NA	NA	NA	NA	NA	NA	NA	NA	NA	NA	NA	NA	NA
ab	NA	NA	24	56	20	3.92156862745098	80.3921568627451	11.7647058823529	3.92156862745098	2.77777777777778	61.1111111111111	36.1111111111111	NA	NA	33.3333333333333	66.6666666666667	NA	NA	NA	NA	NA	NA	6	14	5	2	41	6	2	1	22	13	NA	NA	2	4	NA	NA	NA	NA
ac	NA	100	12.1621621621622	82.4324324324324	5.40540540540541	7.19424460431655	66.9064748201439	25.8992805755396	NA	5.47945205479452	60.2739726027397	28.7671232876712	5.47945205479452	NA	53.3333333333333	46.6666666666667	NA	NA	NA	NA	NA	6	9	61	4	10	93	36	NA	4	44	21	4	NA	8	7	NA	NA	NA	NA
ad	NA	NA	13.0434782608696	86.9565217391304	NA	5.88235294117647	80.3921568627451	13.7254901960784	NA	NA	72	24	4	NA	50	50	NA	NA	NA	NA	NA	NA	3	20	NA	3	41	7	NA	NA	18	6	1	NA	2	2	NA	NA	NA	NA
ae	NA	NA	NA	NA	NA	NA	NA	100	NA	NA	100	NA	NA	NA	NA	NA	NA	NA	NA	NA	NA	NA	NA	NA	NA	NA	NA	4	NA	NA	4	NA	NA	NA	NA	NA	NA	NA	NA	NA
af	33.3333333333333	66.6666666666667	23.5294117647059	76.4705882352941	NA	2.53164556962025	92.4050632911392	5.06329113924051	NA	NA	51.7241379310345	48.2758620689655	NA	NA	NA	66.6666666666667	33.3333333333333	NA	100	NA	1	2	8	26	NA	2	73	4	NA	NA	15	14	NA	NA	NA	2	1	NA	1	NA
ag	NA	100	6.89655172413793	82.7586206896552	10.3448275862069	8.16326530612245	67.3469387755102	22.4489795918367	2.04081632653061	7.14285714285714	57.1428571428571	35.7142857142857	NA	NA	NA	NA	NA	NA	NA	NA	NA	6	2	24	3	4	33	11	1	1	8	5	NA	NA	NA	NA	NA	NA	NA	NA
ah	NA	100	100	NA	NA	NA	NA	NA	NA	NA	100	NA	NA	NA	NA	NA	NA	NA	NA	NA	NA	2	1	NA	NA	NA	NA	NA	NA	NA	1	NA	NA	NA	NA	NA	NA	NA	NA	NA
ai	NA	100	20	80	NA	8.33333333333333	75	16.6666666666667	NA	NA	47.0588235294118	52.9411764705882	NA	NA	NA	NA	NA	NA	NA	NA	NA	3	1	4	NA	2	18	4	NA	NA	8	9	NA	NA	NA	NA	NA	NA	NA	NA
al	10	90	7.46268656716418	86.5671641791045	5.97014925373134	2.63157894736842	77.6315789473684	19.7368421052632	NA	2.85714285714286	77.1428571428572	20	NA	NA	25	75	NA	NA	NA	NA	2	18	5	58	4	2	59	15	NA	1	27	7	NA	NA	1	3	NA	NA	NA	NA
am	12.5	87.5	8.51063829787234	89.3617021276596	2.12765957446809	2	84	14	NA	NA	28.5714285714286	71.4285714285714	NA	NA	100	NA	NA	NA	NA	NA	1	7	4	42	1	1	42	7	NA	NA	6	15	NA	NA	3	NA	NA	NA	NA	NA
an	27.7777777777778	72.2222222222222	5.81395348837209	73.2558139534884	20.9302325581395	6.45161290322581	64.5161290322581	29.0322580645161	NA	NA	21.7391304347826	65.2173913043478	13.0434782608696	NA	NA	NA	NA	NA	NA	NA	5	13	5	63	18	4	40	18	NA	NA	5	15	3	NA	NA	NA	NA	NA	NA	NA
ao	NA	100	NA	NA	NA	NA	NA	NA	NA	NA	NA	NA	NA	NA	NA	NA	NA	NA	NA	NA	NA	1	NA	NA	NA	NA	NA	NA	NA	NA	NA	NA	NA	NA	NA	NA	NA	NA	NA	NA
ap	27.2727272727273	72.7272727272727	11.1111111111111	81.4814814814815	7.40740740740741	5.95238095238095	67.8571428571429	26.1904761904762	NA	2	66	32	NA	NA	50	50	NA	NA	NA	NA	3	8	6	44	4	5	57	22	NA	1	33	16	NA	NA	4	4	NA	NA	NA	NA
aq	NA	NA	NA	NA	100	NA	100	NA	NA	NA	NA	NA	NA	NA	NA	NA	NA	NA	NA	NA	NA	NA	NA	NA	2	NA	2	NA	NA	NA	NA	NA	NA	NA	NA	NA	NA	NA	NA	NA
ar	7.69230769230769	92.3076923076923	7.35294117647059	67.6470588235294	25	7.52688172043011	76.3440860215054	16.1290322580645	NA	1.92307692307692	67.3076923076923	28.8461538461538	1.92307692307692	NA	NA	100	NA	NA	NA	NA	1	12	5	46	17	7	71	15	NA	1	35	15	1	NA	NA	5	NA	NA	NA	NA
as	NA	100	12.280701754386	84.2105263157895	3.50877192982456	3.38983050847458	81.3559322033898	15.2542372881356	NA	NA	53.6585365853659	46.3414634146341	NA	NA	33.3333333333333	66.6666666666667	NA	NA	NA	NA	NA	13	7	48	2	4	96	18	NA	NA	22	19	NA	NA	1	2	NA	NA	NA	NA
at	NA	100	7.5	80	12.5	5.71428571428571	71.4285714285714	22.8571428571429	NA	2.63157894736842	60.5263157894737	36.8421052631579	NA	NA	NA	100	NA	NA	NA	NA	NA	5	3	32	5	4	50	16	NA	1	23	14	NA	NA	NA	5	NA	NA	NA	NA
au	NA	100	11.7647058823529	70.5882352941177	17.6470588235294	3.57142857142857	71.4285714285714	25	NA	NA	12.5	87.5	NA	NA	50	50	NA	NA	100	NA	NA	3	2	12	3	1	20	7	NA	NA	1	7	NA	NA	2	2	NA	NA	3	NA
av	33.3333333333333	66.6666666666667	8.10810810810811	89.1891891891892	2.7027027027027	5.68181818181818	75	19.3181818181818	NA	5.12820512820513	64.1025641025641	30.7692307692308	NA	NA	16.6666666666667	83.3333333333333	NA	NA	NA	NA	4	8	6	66	2	5	66	17	NA	2	25	12	NA	NA	1	5	NA	NA	NA	NA
az	NA	NA	NA	100	NA	NA	100	NA	NA	NA	33.3333333333333	66.6666666666667	NA	NA	NA	NA	NA	NA	NA	NA	NA	NA	NA	8	NA	NA	4	NA	NA	NA	1	2	NA	NA	NA	NA	NA	NA	NA	NA
ba	11.6666666666667	88.3333333333333	3.87596899224806	80.6201550387597	15.5038759689922	NA	68.8524590163934	29.5081967213115	1.63934426229508	NA	50	50	NA	NA	NA	NA	NA	NA	NA	NA	7	53	5	104	20	NA	42	18	1	NA	2	2	NA	NA	NA	NA	NA	NA	NA	NA
be	15.3846153846154	84.6153846153846	NA	91.1111111111111	8.88888888888889	NA	64	36	NA	NA	100	NA	NA	NA	NA	NA	NA	NA	NA	NA	4	22	NA	41	4	NA	16	9	NA	NA	4	NA	NA	NA	NA	NA	NA	NA	NA	NA
bi	8.69565217391304	91.304347826087	2.94117647058824	91.1764705882353	5.88235294117647	4	80	16	NA	NA	50	50	NA	NA	NA	NA	NA	NA	NA	NA	2	21	1	31	2	1	20	4	NA	NA	2	2	NA	NA	NA	NA	NA	NA	NA	NA
bl	25	75	NA	100	NA	NA	NA	100	NA	NA	NA	NA	NA	NA	NA	NA	NA	NA	NA	NA	1	3	NA	7	NA	NA	NA	1	NA	NA	NA	NA	NA	NA	NA	NA	NA	NA	NA	NA
bo	10	90	3.7037037037037	96.2962962962963	NA	NA	100	NA	NA	NA	100	NA	NA	NA	NA	NA	NA	NA	NA	NA	2	18	1	26	NA	NA	9	NA	NA	NA	1	NA	NA	NA	NA	NA	NA	NA	NA	NA
br	11.3636363636364	88.6363636363636	9.09090909090909	60.6060606060606	30.3030303030303	NA	53.8461538461538	46.1538461538462	NA	NA	50	50	NA	NA	NA	NA	NA	NA	NA	NA	5	39	3	20	10	NA	14	12	NA	NA	1	1	NA	NA	NA	NA	NA	NA	NA	NA
bu	11.7647058823529	88.2352941176471	2.17391304347826	80.4347826086957	17.3913043478261	NA	50	50	NA	NA	NA	NA	100	NA	NA	NA	NA	NA	NA	NA	4	30	1	37	8	NA	6	6	NA	NA	NA	NA	1	NA	NA	NA	NA	NA	NA	NA
ca	19	81	5.26315789473684	84.5394736842105	10.1973684210526	1.87793427230047	75.1173708920188	22.5352112676056	0.469483568075117	2.22222222222222	44.4444444444444	53.3333333333333	NA	NA	44.4444444444444	55.5555555555556	NA	NA	100	NA	19	81	16	257	31	4	160	48	1	1	20	24	NA	NA	4	5	NA	NA	1	NA
ce	8.33333333333333	91.6666666666667	7.69230769230769	69.2307692307692	23.0769230769231	NA	48.780487804878	51.219512195122	NA	NA	100	NA	NA	NA	NA	NA	NA	NA	NA	NA	3	33	5	45	15	NA	20	21	NA	NA	2	NA	NA	NA	NA	NA	NA	NA	NA	NA
ch	9.52380952380952	90.4761904761905	7.5	50	42.5	NA	48.4848484848485	45.4545454545455	6.06060606060606	NA	NA	75	25	NA	NA	NA	NA	NA	NA	NA	4	38	6	40	34	NA	16	15	2	NA	NA	3	1	NA	NA	NA	NA	NA	NA	NA
ci	17.6470588235294	82.3529411764706	6	78	16	NA	84.7826086956522	13.0434782608696	2.17391304347826	NA	37.5	62.5	NA	NA	NA	NA	NA	NA	100	NA	6	28	3	39	8	NA	39	6	1	NA	3	5	NA	NA	NA	NA	NA	NA	4	NA
cl	NA	100	NA	40	60	NA	NA	100	NA	NA	100	NA	NA	NA	100	NA	NA	NA	NA	NA	NA	7	NA	2	3	NA	NA	1	NA	NA	8	NA	NA	NA	1	NA	NA	NA	NA	NA
co	12.7659574468085	87.2340425531915	7.86516853932584	82.6966292134831	9.43820224719101	5.5984555984556	70.6563706563707	22.7799227799228	0.965250965250965	2.39520958083832	58.6826347305389	34.7305389221557	4.19161676646707	NA	40.625	59.375	NA	NA	NA	100	12	82	35	368	42	29	366	118	5	4	98	58	7	NA	13	19	NA	NA	NA	1
cr	7.40740740740741	92.5925925925926	6.84931506849315	71.2328767123288	21.9178082191781	NA	79.1666666666667	20.8333333333333	NA	NA	NA	NA	NA	NA	NA	NA	NA	NA	NA	NA	2	25	5	52	16	NA	19	5	NA	NA	NA	NA	NA	NA	NA	NA	NA	NA	NA	NA
cu	9.67741935483871	90.3225806451613	4.44444444444444	80	15.5555555555556	3.57142857142857	82.1428571428571	14.2857142857143	NA	NA	NA	100	NA	NA	NA	NA	NA	NA	NA	NA	3	28	2	36	7	1	23	4	NA	NA	NA	1	NA	NA	NA	NA	NA	NA	NA	NA
da	9.30232558139535	90.6976744186046	1.92307692307692	44.2307692307692	53.8461538461538	NA	61.1111111111111	22.2222222222222	16.6666666666667	NA	NA	NA	NA	NA	NA	NA	NA	NA	NA	NA	4	39	1	23	28	NA	11	4	3	NA	NA	NA	NA	NA	NA	NA	NA	NA	NA	NA
de	5	95	5.55555555555556	77.7777777777778	16.6666666666667	4.23728813559322	72.8813559322034	21.1864406779661	1.69491525423729	NA	73.9130434782609	17.3913043478261	8.69565217391304	NA	33.3333333333333	33.3333333333333	33.3333333333333	100	NA	NA	1	19	4	56	12	5	86	25	2	NA	34	8	4	NA	1	1	1	1	NA	NA
di	4.54545454545455	95.4545454545455	6.69856459330144	86.6028708133971	6.69856459330144	5.38461538461539	64.2307692307692	30	0.384615384615385	0.917431192660551	66.0550458715596	31.1926605504587	1.8348623853211	NA	23.5294117647059	76.4705882352941	NA	NA	NA	NA	2	42	14	181	14	14	167	78	1	1	72	34	2	NA	4	13	NA	NA	NA	NA
dl	NA	100	NA	NA	NA	NA	NA	NA	NA	NA	NA	NA	NA	NA	NA	NA	NA	NA	NA	NA	NA	1	NA	NA	NA	NA	NA	NA	NA	NA	NA	NA	NA	NA	NA	NA	NA	NA	NA	NA
do	28.2051282051282	71.7948717948718	6.31578947368421	82.1052631578947	11.5789473684211	1.81818181818182	61.8181818181818	34.5454545454545	1.81818181818182	NA	37.5	62.5	NA	NA	NA	NA	NA	NA	NA	NA	11	28	6	78	11	1	34	19	1	NA	3	5	NA	NA	NA	NA	NA	NA	NA	NA
dr	NA	100	NA	83.3333333333333	16.6666666666667	NA	25	75	NA	NA	NA	NA	NA	NA	NA	NA	NA	NA	NA	NA	NA	10	NA	5	1	NA	1	3	NA	NA	NA	NA	NA	NA	NA	NA	NA	NA	NA	NA
du	6.66666666666667	93.3333333333333	13.3333333333333	66.6666666666667	20	NA	63.6363636363636	36.3636363636364	NA	NA	100	NA	NA	NA	NA	NA	NA	NA	NA	NA	1	14	2	10	3	NA	7	4	NA	NA	1	NA	NA	NA	NA	NA	NA	NA	NA	NA
eb	NA	NA	NA	100	NA	NA	NA	NA	NA	NA	NA	NA	NA	NA	NA	NA	NA	NA	NA	NA	NA	NA	NA	4	NA	NA	NA	NA	NA	NA	NA	NA	NA	NA	NA	NA	NA	NA	NA	NA
ec	NA	100	NA	33.3333333333333	66.6666666666667	NA	92.3076923076923	7.69230769230769	NA	NA	45.4545454545455	54.5454545454545	NA	NA	NA	NA	NA	NA	NA	NA	NA	2	NA	5	10	NA	12	1	NA	NA	5	6	NA	NA	NA	NA	NA	NA	NA	NA
ed	NA	NA	NA	NA	100	7.69230769230769	76.9230769230769	15.3846153846154	NA	NA	100	NA	NA	NA	NA	NA	NA	NA	NA	NA	NA	NA	NA	NA	1	1	10	2	NA	NA	1	NA	NA	NA	NA	NA	NA	NA	NA	NA
ef	NA	NA	NA	100	NA	NA	100	NA	NA	NA	NA	100	NA	NA	50	50	NA	NA	NA	NA	NA	NA	NA	3	NA	NA	7	NA	NA	NA	NA	1	NA	NA	1	1	NA	NA	NA	NA
eg	NA	100	NA	100	NA	NA	100	NA	NA	NA	NA	NA	NA	NA	NA	NA	NA	NA	NA	NA	NA	1	NA	3	NA	NA	2	NA	NA	NA	NA	NA	NA	NA	NA	NA	NA	NA	NA	NA
eh	NA	100	100	NA	NA	NA	NA	NA	NA	NA	NA	NA	NA	NA	NA	NA	NA	NA	NA	NA	NA	1	1	NA	NA	NA	NA	NA	NA	NA	NA	NA	NA	NA	NA	NA	NA	NA	NA	NA
el	NA	100	NA	100	NA	NA	57.1428571428571	42.8571428571429	NA	13.3333333333333	40	46.6666666666667	NA	NA	25	75	NA	NA	100	NA	NA	2	NA	7	NA	NA	20	15	NA	2	6	7	NA	NA	1	3	NA	NA	1	NA
em	NA	NA	14.2857142857143	85.7142857142857	NA	NA	75	25	NA	NA	83.3333333333333	16.6666666666667	NA	NA	NA	NA	NA	NA	100	NA	NA	NA	2	12	NA	NA	15	5	NA	NA	5	1	NA	NA	NA	NA	NA	NA	1	NA
en	16.6666666666667	83.3333333333333	9.09090909090909	81.8181818181818	9.09090909090909	NA	66.6666666666667	33.3333333333333	NA	NA	100	NA	NA	NA	100	NA	NA	NA	NA	NA	1	5	2	18	2	NA	12	6	NA	NA	2	NA	NA	NA	2	NA	NA	NA	NA	NA
ep	NA	NA	NA	33.3333333333333	66.6666666666667	NA	100	NA	NA	NA	NA	NA	NA	NA	NA	NA	NA	NA	NA	NA	NA	NA	NA	1	2	NA	2	NA	NA	NA	NA	NA	NA	NA	NA	NA	NA	NA	NA	NA
eq	NA	NA	NA	NA	NA	NA	60	40	NA	NA	100	NA	NA	NA	NA	NA	NA	NA	NA	NA	NA	NA	NA	NA	NA	NA	3	2	NA	NA	1	NA	NA	NA	NA	NA	NA	NA	NA	NA
er	NA	100	NA	100	NA	NA	100	NA	NA	NA	75	NA	25	NA	100	NA	NA	NA	NA	NA	NA	5	NA	13	NA	NA	7	NA	NA	NA	3	NA	1	NA	1	NA	NA	NA	NA	NA
es	8	92	5.45454545454545	77.2727272727273	17.2727272727273	5.30973451327434	62.8318584070796	31.858407079646	NA	2	66	30	2	NA	80	20	NA	NA	NA	NA	2	23	6	85	19	6	71	36	NA	1	33	15	1	NA	4	1	NA	NA	NA	NA
et	33.3333333333333	66.6666666666667	NA	100	NA	NA	60	40	NA	NA	NA	NA	NA	NA	NA	NA	NA	NA	NA	NA	1	2	NA	6	NA	NA	3	2	NA	NA	NA	NA	NA	NA	NA	NA	NA	NA	NA	NA
eu	NA	NA	NA	NA	NA	NA	100	NA	NA	NA	100	NA	NA	NA	NA	NA	NA	NA	NA	NA	NA	NA	NA	NA	NA	NA	4	NA	NA	NA	1	NA	NA	NA	NA	NA	NA	NA	NA	NA
ev	NA	100	16.6666666666667	66.6666666666667	16.6666666666667	14.2857142857143	61.9047619047619	19.047619047619	4.76190476190476	NA	80	NA	20	NA	100	NA	NA	NA	NA	NA	NA	1	1	4	1	3	13	4	1	NA	4	NA	1	NA	2	NA	NA	NA	NA	NA
ex	NA	100	NA	NA	NA	NA	NA	NA	NA	NA	100	NA	NA	NA	NA	NA	NA	NA	NA	NA	NA	1	NA	NA	NA	NA	NA	NA	NA	NA	1	NA	NA	NA	NA	NA	NA	NA	NA	NA
fa	5.88235294117647	94.1176470588235	2.88461538461538	67.3076923076923	29.8076923076923	3.84615384615385	66.6666666666667	28.2051282051282	1.28205128205128	NA	47.0588235294118	41.1764705882353	11.7647058823529	NA	25	75	NA	NA	100	NA	3	48	3	70	31	3	52	22	1	NA	8	7	2	NA	1	3	NA	NA	1	NA
FA	NA	100	NA	NA	NA	NA	NA	NA	NA	NA	NA	NA	NA	NA	NA	NA	NA	NA	NA	NA	NA	4	NA	NA	NA	NA	NA	NA	NA	NA	NA	NA	NA	NA	NA	NA	NA	NA	NA	NA
fe	11.7647058823529	88.2352941176471	3.38983050847458	86.4406779661017	10.1694915254237	2.63157894736842	63.1578947368421	34.2105263157895	NA	NA	33.3333333333333	66.6666666666667	NA	NA	NA	NA	NA	NA	NA	NA	2	15	2	51	6	1	24	13	NA	NA	2	4	NA	NA	NA	NA	NA	NA	NA	NA
fi	14.1025641025641	85.8974358974359	3.44827586206897	86.2068965517241	10.3448275862069	NA	45.6140350877193	54.3859649122807	NA	NA	42.8571428571429	57.1428571428571	NA	NA	NA	NA	NA	NA	NA	NA	11	67	4	100	12	NA	26	31	NA	NA	3	4	NA	NA	NA	NA	NA	NA	NA	NA
fl	NA	100	NA	100	NA	NA	NA	NA	NA	NA	NA	NA	NA	NA	NA	NA	NA	NA	NA	NA	NA	3	NA	2	NA	NA	NA	NA	NA	NA	NA	NA	NA	NA	NA	NA	NA	NA	NA	NA
fo	7.5	92.5	4.22535211267606	78.8732394366197	16.9014084507042	NA	52.9411764705882	47.0588235294118	NA	6.25	56.25	37.5	NA	NA	33.3333333333333	66.6666666666667	NA	NA	NA	NA	3	37	3	56	12	NA	18	16	NA	1	9	6	NA	NA	1	2	NA	NA	NA	NA
fr	7.5	92.5	NA	77.2727272727273	22.7272727272727	NA	85.7142857142857	14.2857142857143	NA	NA	NA	100	NA	NA	NA	NA	NA	NA	NA	NA	3	37	NA	34	10	NA	12	2	NA	NA	NA	6	NA	NA	NA	NA	NA	NA	NA	NA
fu	6.06060606060606	93.9393939393939	7.31707317073171	85.3658536585366	7.31707317073171	3.33333333333333	76.6666666666667	20	NA	NA	100	NA	NA	NA	NA	NA	NA	NA	NA	NA	2	31	3	35	3	1	23	6	NA	NA	3	NA	NA	NA	NA	NA	NA	NA	NA	NA
ga	NA	100	21.0526315789474	68.4210526315789	10.5263157894737	NA	87.5	12.5	NA	NA	20	80	NA	NA	NA	NA	NA	NA	NA	NA	NA	19	4	13	2	NA	21	3	NA	NA	1	4	NA	NA	NA	NA	NA	NA	NA	NA
ge	16.6666666666667	83.3333333333333	NA	80	20	NA	76.1904761904762	23.8095238095238	NA	9.09090909090909	36.3636363636364	54.5454545454545	NA	NA	NA	NA	NA	NA	NA	NA	3	15	NA	36	9	NA	16	5	NA	1	4	6	NA	NA	NA	NA	NA	NA	NA	NA
gh	NA	100	NA	100	NA	NA	100	NA	NA	NA	NA	NA	NA	NA	NA	NA	NA	NA	NA	NA	NA	8	NA	8	NA	NA	2	NA	NA	NA	NA	NA	NA	NA	NA	NA	NA	NA	NA	NA
gi	14.2857142857143	85.7142857142857	4.93827160493827	79.0123456790123	16.0493827160494	NA	74.6268656716418	23.8805970149254	1.49253731343284	NA	60	33.3333333333333	6.66666666666667	NA	NA	100	NA	NA	NA	NA	7	42	4	64	13	NA	50	16	1	NA	9	5	1	NA	NA	2	NA	NA	NA	NA
gl	NA	100	NA	75	25	NA	NA	NA	NA	NA	NA	NA	NA	NA	NA	NA	NA	NA	NA	NA	NA	2	NA	6	2	NA	NA	NA	NA	NA	NA	NA	NA	NA	NA	NA	NA	NA	NA	NA
gn	NA	100	NA	NA	NA	NA	NA	NA	NA	NA	NA	NA	NA	NA	NA	NA	NA	NA	NA	NA	NA	4	NA	NA	NA	NA	NA	NA	NA	NA	NA	NA	NA	NA	NA	NA	NA	NA	NA	NA
go	9.52380952380952	90.4761904761905	NA	80.7692307692308	19.2307692307692	NA	50	50	NA	NA	66.6666666666667	33.3333333333333	NA	NA	NA	NA	NA	NA	NA	NA	2	19	NA	21	5	NA	5	5	NA	NA	2	1	NA	NA	NA	NA	NA	NA	NA	NA
gr	6.77966101694915	93.2203389830508	2.27272727272727	86.3636363636364	11.3636363636364	NA	58.8235294117647	41.1764705882353	NA	NA	50	50	NA	NA	NA	NA	NA	NA	NA	NA	4	55	1	38	5	NA	20	14	NA	NA	1	1	NA	NA	NA	NA	NA	NA	NA	NA
gu	12.9032258064516	87.0967741935484	7.69230769230769	84.6153846153846	7.69230769230769	3.7037037037037	44.4444444444444	48.1481481481481	3.7037037037037	NA	44.4444444444444	55.5555555555556	NA	NA	NA	NA	NA	NA	NA	NA	4	27	5	55	5	1	12	13	1	NA	4	5	NA	NA	NA	NA	NA	NA	NA	NA
ho	33.3333333333333	66.6666666666667	NA	NA	NA	NA	NA	NA	NA	NA	NA	NA	NA	NA	NA	NA	NA	NA	NA	NA	1	2	NA	NA	NA	NA	NA	NA	NA	NA	NA	NA	NA	NA	NA	NA	NA	NA	NA	NA
id	NA	100	16.6666666666667	50	33.3333333333333	8.33333333333333	50	41.6666666666667	NA	NA	NA	NA	NA	NA	NA	NA	NA	NA	NA	NA	NA	1	1	3	2	1	6	5	NA	NA	NA	NA	NA	NA	NA	NA	NA	NA	NA	NA
ie	NA	100	NA	NA	NA	NA	NA	NA	NA	NA	NA	NA	NA	NA	NA	NA	NA	NA	NA	NA	NA	1	NA	NA	NA	NA	NA	NA	NA	NA	NA	NA	NA	NA	NA	NA	NA	NA	NA	NA
ig	NA	NA	25	75	NA	NA	60	40	NA	NA	NA	100	NA	NA	NA	NA	NA	NA	NA	NA	NA	NA	1	3	NA	NA	3	2	NA	NA	NA	1	NA	NA	NA	NA	NA	NA	NA	NA
ii	NA	NA	NA	100	NA	NA	NA	NA	NA	NA	NA	NA	NA	NA	NA	NA	NA	NA	NA	NA	NA	NA	NA	1	NA	NA	NA	NA	NA	NA	NA	NA	NA	NA	NA	NA	NA	NA	NA	NA
il	NA	NA	NA	100	NA	7.14285714285714	64.2857142857143	28.5714285714286	NA	NA	83.3333333333333	8.33333333333333	8.33333333333333	NA	50	50	NA	NA	NA	NA	NA	NA	NA	4	NA	1	9	4	NA	NA	10	1	1	NA	2	2	NA	NA	NA	NA
im	NA	100	12.5	85.9375	1.5625	7.2992700729927	78.8321167883212	13.1386861313869	0.72992700729927	NA	69.3333333333333	30.6666666666667	NA	NA	38.4615384615385	61.5384615384615	NA	NA	NA	NA	NA	1	8	55	1	10	108	18	1	NA	52	23	NA	NA	10	16	NA	NA	NA	NA
in	28.5714285714286	71.4285714285714	12.1387283236994	83.8150289017341	4.04624277456647	5.18518518518519	81.2345679012346	12.8395061728395	0.740740740740741	0.50761421319797	65.989847715736	32.48730964467	1.01522842639594	NA	19.4444444444444	77.7777777777778	2.77777777777778	20	80	NA	2	5	21	145	7	21	329	52	3	1	130	64	2	NA	7	28	1	1	4	NA
io	NA	100	NA	NA	NA	NA	NA	NA	NA	NA	NA	NA	NA	NA	NA	NA	NA	NA	NA	NA	NA	1	NA	NA	NA	NA	NA	NA	NA	NA	NA	NA	NA	NA	NA	NA	NA	NA	NA	NA
ip	NA	NA	NA	NA	NA	NA	NA	100	NA	NA	NA	100	NA	NA	NA	NA	NA	NA	NA	NA	NA	NA	NA	NA	NA	NA	NA	1	NA	NA	NA	1	NA	NA	NA	NA	NA	NA	NA	NA
ir	NA	100	100	NA	NA	NA	88.8888888888889	NA	11.1111111111111	NA	100	NA	NA	NA	NA	NA	NA	NA	NA	NA	NA	1	2	NA	NA	NA	8	NA	1	NA	2	NA	NA	NA	NA	NA	NA	NA	NA	NA
is	NA	100	NA	80	20	3.2258064516129	74.1935483870968	22.5806451612903	NA	NA	100	NA	NA	NA	NA	NA	NA	NA	NA	NA	NA	1	NA	12	3	1	23	7	NA	NA	1	NA	NA	NA	NA	NA	NA	NA	NA	NA
it	NA	NA	NA	NA	NA	NA	100	NA	NA	NA	100	NA	NA	NA	NA	NA	NA	NA	NA	NA	NA	NA	NA	NA	NA	NA	4	NA	NA	NA	1	NA	NA	NA	NA	NA	NA	NA	NA	NA
je	NA	100	NA	NA	NA	NA	NA	NA	NA	NA	NA	NA	NA	NA	NA	NA	NA	NA	NA	NA	NA	1	NA	NA	NA	NA	NA	NA	NA	NA	NA	NA	NA	NA	NA	NA	NA	NA	NA	NA
ju	NA	100	NA	NA	NA	NA	NA	NA	NA	NA	NA	NA	NA	NA	NA	NA	NA	NA	NA	NA	NA	1	NA	NA	NA	NA	NA	NA	NA	NA	NA	NA	NA	NA	NA	NA	NA	NA	NA	NA
la	16.2790697674419	83.7209302325581	3.26086956521739	76.0869565217391	20.6521739130435	1.49253731343284	61.1940298507463	35.8208955223881	1.49253731343284	NA	63.6363636363636	36.3636363636364	NA	NA	NA	NA	NA	NA	NA	NA	7	36	3	70	19	1	41	24	1	NA	7	4	NA	NA	NA	NA	NA	NA	NA	NA
le	13.8888888888889	86.1111111111111	3.84615384615385	76.9230769230769	19.2307692307692	NA	60	40	NA	NA	62.5	37.5	NA	NA	NA	NA	NA	NA	NA	NA	5	31	3	60	15	NA	21	14	NA	NA	5	3	NA	NA	NA	NA	NA	NA	NA	NA
li	3.84615384615385	96.1538461538462	8.82352941176471	41.1764705882353	50	4.65116279069767	76.7441860465116	9.30232558139535	9.30232558139535	NA	46.1538461538462	53.8461538461538	NA	NA	NA	100	NA	NA	NA	NA	1	25	3	14	17	2	33	4	4	NA	6	7	NA	NA	NA	1	NA	NA	NA	NA
lo	NA	100	NA	81.8181818181818	18.1818181818182	9.09090909090909	81.8181818181818	9.09090909090909	NA	NA	50	50	NA	NA	NA	NA	NA	NA	NA	NA	NA	8	NA	18	4	1	9	1	NA	NA	2	2	NA	NA	NA	NA	NA	NA	NA	NA
lu	NA	100	10.5263157894737	52.6315789473684	36.8421052631579	NA	72.4137931034483	20.6896551724138	6.89655172413793	NA	NA	100	NA	NA	NA	100	NA	NA	NA	NA	NA	20	2	10	7	NA	21	6	2	NA	NA	1	NA	NA	NA	1	NA	NA	NA	NA
ma	12.1212121212121	87.8787878787879	4.34782608695652	79.8913043478261	15.7608695652174	NA	73.134328358209	26.1194029850746	0.746268656716418	4.16666666666667	50	41.6666666666667	4.16666666666667	NA	100	NA	NA	NA	NA	NA	8	58	8	147	29	NA	98	35	1	1	12	10	1	NA	1	NA	NA	NA	NA	NA
me	8.16326530612245	91.8367346938776	4.22535211267606	52.112676056338	43.6619718309859	2.89855072463768	57.9710144927536	34.7826086956522	4.34782608695652	4.34782608695652	65.2173913043478	26.0869565217391	4.34782608695652	NA	50	50	NA	NA	NA	NA	4	45	3	37	31	2	40	24	3	1	15	6	1	NA	1	1	NA	NA	NA	NA
mi	11.5384615384615	88.4615384615385	3.57142857142857	73.2142857142857	23.2142857142857	NA	75.9259259259259	24.0740740740741	NA	NA	21.4285714285714	78.5714285714286	NA	NA	NA	NA	NA	NA	NA	NA	3	23	2	41	13	NA	41	13	NA	NA	3	11	NA	NA	NA	NA	NA	NA	NA	NA
mo	11.7647058823529	88.2352941176471	5.43478260869565	78.2608695652174	16.304347826087	NA	63.0434782608696	32.6086956521739	4.34782608695652	NA	58.8235294117647	35.2941176470588	5.88235294117647	NA	NA	NA	NA	NA	NA	NA	6	45	5	72	15	NA	29	15	2	NA	10	6	1	NA	NA	NA	NA	NA	NA	NA
mu	6.45161290322581	93.5483870967742	4.44444444444444	57.7777777777778	37.7777777777778	NA	64.7058823529412	35.2941176470588	NA	NA	100	NA	NA	NA	NA	NA	NA	NA	NA	NA	2	29	2	26	17	NA	11	6	NA	NA	3	NA	NA	NA	NA	NA	NA	NA	NA	NA
na	NA	100	2.85714285714286	80	17.1428571428571	5	67.5	27.5	NA	NA	61.9047619047619	38.0952380952381	NA	NA	NA	NA	NA	NA	NA	NA	NA	19	1	28	6	2	27	11	NA	NA	13	8	NA	NA	NA	NA	NA	NA	NA	NA
ne	30	70	4.54545454545455	86.3636363636364	9.09090909090909	5.26315789473684	94.7368421052632	NA	NA	NA	NA	100	NA	NA	NA	NA	NA	NA	NA	NA	6	14	1	19	2	1	18	NA	NA	NA	NA	1	NA	NA	NA	NA	NA	NA	NA	NA
ni	14.2857142857143	85.7142857142857	NA	100	NA	NA	100	NA	NA	NA	NA	NA	NA	NA	NA	NA	NA	NA	NA	NA	1	6	NA	8	NA	NA	2	NA	NA	NA	NA	NA	NA	NA	NA	NA	NA	NA	NA	NA
no	9.67741935483871	90.3225806451613	5.71428571428571	77.1428571428572	17.1428571428571	4.16666666666667	83.3333333333333	12.5	NA	NA	50	50	NA	NA	NA	NA	NA	NA	NA	NA	3	28	2	27	6	1	20	3	NA	NA	3	3	NA	NA	NA	NA	NA	NA	NA	NA
nu	10.5263157894737	89.4736842105263	NA	65	35	NA	69.5652173913043	30.4347826086957	NA	NA	100	NA	NA	NA	NA	100	NA	NA	NA	NA	2	17	NA	13	7	NA	16	7	NA	NA	2	NA	NA	NA	NA	2	NA	NA	NA	NA
oa	NA	NA	NA	NA	100	NA	NA	NA	NA	NA	NA	NA	NA	NA	NA	NA	NA	NA	NA	NA	NA	NA	NA	NA	1	NA	NA	NA	NA	NA	NA	NA	NA	NA	NA	NA	NA	NA	NA	NA
ob	NA	NA	25	25	50	NA	100	NA	NA	NA	50	50	NA	NA	NA	NA	NA	NA	NA	NA	NA	NA	1	1	2	NA	10	NA	NA	NA	1	1	NA	NA	NA	NA	NA	NA	NA	NA
oc	NA	100	8.33333333333333	66.6666666666667	25	7.40740740740741	77.7777777777778	11.1111111111111	3.7037037037037	NA	56.25	43.75	NA	NA	NA	100	NA	NA	NA	NA	NA	4	1	8	3	2	21	3	1	NA	9	7	NA	NA	NA	1	NA	NA	NA	NA
od	NA	100	NA	90	10	NA	100	NA	NA	NA	NA	NA	NA	NA	NA	NA	NA	NA	NA	NA	NA	3	NA	9	1	NA	1	NA	NA	NA	NA	NA	NA	NA	NA	NA	NA	NA	NA	NA
of	20	80	NA	92.3076923076923	7.69230769230769	NA	25	75	NA	NA	NA	NA	NA	NA	NA	NA	NA	NA	NA	NA	1	4	NA	24	2	NA	2	6	NA	NA	NA	NA	NA	NA	NA	NA	NA	NA	NA	NA
og	NA	100	NA	100	NA	NA	NA	NA	NA	NA	NA	NA	NA	NA	NA	NA	NA	NA	NA	NA	NA	2	NA	4	NA	NA	NA	NA	NA	NA	NA	NA	NA	NA	NA	NA	NA	NA	NA	NA
oh	NA	100	NA	NA	NA	NA	NA	NA	NA	NA	NA	NA	NA	NA	NA	NA	NA	NA	NA	NA	NA	1	NA	NA	NA	NA	NA	NA	NA	NA	NA	NA	NA	NA	NA	NA	NA	NA	NA	NA
ok	NA	NA	NA	100	NA	NA	NA	NA	NA	NA	NA	NA	NA	NA	NA	NA	NA	NA	NA	NA	NA	NA	NA	1	NA	NA	NA	NA	NA	NA	NA	NA	NA	NA	NA	NA	NA	NA	NA	NA
ol	NA	100	NA	100	NA	NA	33.3333333333333	66.6666666666667	NA	NA	NA	100	NA	NA	NA	NA	NA	NA	NA	NA	NA	2	NA	4	NA	NA	2	4	NA	NA	NA	2	NA	NA	NA	NA	NA	NA	NA	NA
om	NA	100	NA	100	NA	NA	100	NA	NA	NA	NA	NA	NA	NA	NA	NA	NA	NA	NA	NA	NA	2	NA	7	NA	NA	2	NA	NA	NA	NA	NA	NA	NA	NA	NA	NA	NA	NA	NA
on	33.3333333333333	66.6666666666667	NA	100	NA	NA	80	20	NA	NA	NA	100	NA	NA	NA	NA	NA	NA	NA	NA	1	2	NA	7	NA	NA	4	1	NA	NA	NA	3	NA	NA	NA	NA	NA	NA	NA	NA
oo	NA	100	NA	NA	NA	NA	NA	NA	NA	NA	NA	NA	NA	NA	NA	NA	NA	NA	NA	NA	NA	3	NA	NA	NA	NA	NA	NA	NA	NA	NA	NA	NA	NA	NA	NA	NA	NA	NA	NA
op	100	NA	NA	81.8181818181818	18.1818181818182	NA	92.8571428571429	NA	7.14285714285714	NA	100	NA	NA	NA	NA	NA	NA	NA	NA	NA	1	NA	NA	9	2	NA	13	NA	1	NA	4	NA	NA	NA	NA	NA	NA	NA	NA	NA
or	NA	100	2.4390243902439	70.7317073170732	26.8292682926829	2.4390243902439	78.0487804878049	19.5121951219512	NA	5.88235294117647	88.2352941176471	5.88235294117647	NA	NA	100	NA	NA	NA	100	NA	NA	12	1	29	11	1	32	8	NA	1	15	1	NA	NA	3	NA	NA	NA	2	NA
os	12.5	87.5	9.09090909090909	68.1818181818182	22.7272727272727	7.89473684210526	68.4210526315789	23.6842105263158	NA	11.1111111111111	55.5555555555556	33.3333333333333	NA	NA	NA	NA	NA	NA	NA	NA	1	7	2	15	5	3	26	9	NA	2	10	6	NA	NA	NA	NA	NA	NA	NA	NA
ot	100	NA	4.54545454545455	63.6363636363636	31.8181818181818	NA	92.3076923076923	7.69230769230769	NA	NA	50	50	NA	NA	NA	NA	NA	NA	NA	NA	1	NA	1	14	7	NA	12	1	NA	NA	1	1	NA	NA	NA	NA	NA	NA	NA	NA
ou	NA	NA	NA	100	NA	NA	NA	NA	NA	NA	NA	NA	NA	NA	NA	NA	NA	NA	NA	NA	NA	NA	NA	1	NA	NA	NA	NA	NA	NA	NA	NA	NA	NA	NA	NA	NA	NA	NA	NA
ov	NA	100	NA	100	NA	NA	100	NA	NA	NA	NA	NA	NA	NA	NA	NA	NA	NA	NA	NA	NA	4	NA	2	NA	NA	1	NA	NA	NA	NA	NA	NA	NA	NA	NA	NA	NA	NA	NA
oz	NA	NA	NA	100	NA	NA	NA	NA	NA	NA	NA	NA	NA	NA	NA	NA	NA	NA	NA	NA	NA	NA	NA	1	NA	NA	NA	NA	NA	NA	NA	NA	NA	NA	NA	NA	NA	NA	NA	NA
pa	12.5	87.5	4.36893203883495	81.0679611650485	14.5631067961165	0.862068965517241	67.2413793103448	30.1724137931034	1.72413793103448	8	64	24	4	NA	44.4444444444444	44.4444444444444	11.1111111111111	NA	NA	NA	10	70	9	167	30	1	78	35	2	2	16	6	1	NA	4	4	1	NA	NA	NA
pe	16.0714285714286	83.9285714285714	6.89655172413793	69.6551724137931	23.448275862069	4.31034482758621	68.9655172413793	26.7241379310345	NA	NA	68.2926829268293	26.8292682926829	4.8780487804878	NA	NA	100	NA	NA	100	NA	9	47	10	101	34	5	80	31	NA	NA	28	11	2	NA	NA	1	NA	NA	4	NA
pf	NA	100	NA	NA	NA	NA	NA	NA	NA	NA	NA	NA	NA	NA	NA	NA	NA	NA	NA	NA	NA	1	NA	NA	NA	NA	NA	NA	NA	NA	NA	NA	NA	NA	NA	NA	NA	NA	NA	NA
pi	10.5882352941176	89.4117647058824	2.63157894736842	81.5789473684211	15.7894736842105	1.96078431372549	66.6666666666667	29.4117647058824	1.96078431372549	NA	33.3333333333333	66.6666666666667	NA	NA	NA	NA	NA	NA	NA	NA	9	76	3	93	18	1	34	15	1	NA	2	4	NA	NA	NA	NA	NA	NA	NA	NA
pl	NA	NA	NA	71.4285714285714	28.5714285714286	NA	NA	NA	NA	NA	NA	NA	NA	NA	NA	NA	NA	NA	NA	NA	NA	NA	NA	5	2	NA	NA	NA	NA	NA	NA	NA	NA	NA	NA	NA	NA	NA	NA	NA
po	16.3934426229508	83.6065573770492	2.7027027027027	75	22.2972972972973	NA	51.3513513513513	47.7477477477478	0.900900900900901	6.25	31.25	43.75	18.75	NA	NA	100	NA	NA	NA	NA	10	51	4	111	33	NA	57	53	1	1	5	7	3	NA	NA	2	NA	NA	NA	NA
pr	7.01754385964912	92.9824561403509	7.56302521008403	74.3697478991597	18.0672268907563	5.53745928338762	69.3811074918567	23.1270358306189	1.95439739413681	NA	52.1276595744681	45.7446808510638	2.12765957446809	NA	33.3333333333333	66.6666666666667	NA	NA	NA	NA	4	53	18	177	43	17	213	71	6	NA	49	43	2	NA	3	6	NA	NA	NA	NA
ps	NA	NA	NA	NA	NA	NA	NA	NA	NA	NA	NA	100	NA	NA	NA	100	NA	NA	NA	NA	NA	NA	NA	NA	NA	NA	NA	NA	NA	NA	NA	2	NA	NA	NA	1	NA	NA	NA	NA
pu	14.2857142857143	85.7142857142857	5.76923076923077	80.7692307692308	13.4615384615385	6.89655172413793	65.5172413793103	27.5862068965517	NA	NA	100	NA	NA	NA	NA	NA	NA	NA	NA	NA	3	18	3	42	7	2	19	8	NA	NA	4	NA	NA	NA	NA	NA	NA	NA	NA	NA
qu	21.6216216216216	78.3783783783784	10.7142857142857	85.7142857142857	3.57142857142857	NA	76.9230769230769	23.0769230769231	NA	NA	100	NA	NA	NA	NA	NA	NA	NA	NA	NA	8	29	3	24	1	NA	10	3	NA	NA	1	NA	NA	NA	NA	NA	NA	NA	NA	NA
ra	4.54545454545455	95.4545454545455	10.7142857142857	84.5238095238095	4.76190476190476	8.59375	67.96875	23.4375	NA	1.53846153846154	63.0769230769231	32.3076923076923	3.07692307692308	NA	50	50	NA	NA	NA	NA	1	21	9	71	4	11	87	30	NA	1	41	21	2	NA	5	5	NA	NA	NA	NA
re	10.5263157894737	89.4736842105263	8.65384615384615	63.4615384615385	27.8846153846154	5.26315789473684	67.5438596491228	24.5614035087719	2.63157894736842	1.78571428571429	60.7142857142857	37.5	NA	12.5	50	37.5	NA	NA	NA	NA	4	34	9	66	29	6	77	28	3	1	34	21	NA	1	4	3	NA	NA	NA	NA
ri	21.4285714285714	78.5714285714286	13.4770889487871	82.7493261455526	3.77358490566038	6.97278911564626	70.9183673469388	21.9387755102041	0.170068027210884	2.33644859813084	44.8598130841121	51.8691588785047	0.934579439252336	NA	50	50	NA	NA	NA	NA	9	33	50	307	14	41	417	129	1	5	96	111	2	NA	7	7	NA	NA	NA	NA
ro	5.71428571428571	94.2857142857143	8	72	20	NA	78.9473684210526	21.0526315789474	NA	NA	50	50	NA	NA	NA	NA	NA	NA	NA	NA	2	33	6	54	15	NA	30	8	NA	NA	1	1	NA	NA	NA	NA	NA	NA	NA	NA
ru	13.6363636363636	86.3636363636364	5	77.5	17.5	NA	87.5	12.5	NA	NA	NA	NA	NA	NA	NA	100	NA	NA	NA	NA	3	19	2	31	7	NA	14	2	NA	NA	NA	NA	NA	NA	NA	2	NA	NA	NA	NA
sa	16.3636363636364	83.6363636363636	5.55555555555556	84.2592592592593	10.1851851851852	1.51515151515152	75.7575757575758	22.7272727272727	NA	7.69230769230769	61.5384615384615	30.7692307692308	NA	NA	NA	100	NA	NA	NA	NA	9	46	6	91	11	1	50	15	NA	1	8	4	NA	NA	NA	1	NA	NA	NA	NA
sb	16.6666666666667	83.3333333333333	10.8695652173913	80.4347826086957	8.69565217391304	3.57142857142857	60.7142857142857	35.7142857142857	NA	NA	20	80	NA	NA	NA	100	NA	NA	NA	NA	4	20	5	37	4	1	17	10	NA	NA	1	4	NA	NA	NA	1	NA	NA	NA	NA
sc	9.14285714285714	90.8571428571429	7.01754385964912	69.8245614035088	23.1578947368421	1.29032258064516	59.3548387096774	36.7741935483871	2.58064516129032	NA	34.4827586206897	62.0689655172414	3.44827586206897	NA	NA	100	NA	NA	NA	NA	16	159	20	199	66	2	92	57	4	NA	10	18	1	NA	NA	1	NA	NA	NA	NA
sd	25	75	NA	85.7142857142857	14.2857142857143	NA	100	NA	NA	NA	NA	NA	NA	NA	NA	NA	NA	NA	NA	NA	1	3	NA	6	1	NA	1	NA	NA	NA	NA	NA	NA	NA	NA	NA	NA	NA	NA	NA
se	15.1515151515152	84.8484848484848	5.20231213872832	83.8150289017341	10.9826589595376	0.900900900900901	64.8648648648649	33.3333333333333	0.900900900900901	NA	33.3333333333333	66.6666666666667	NA	NA	100	NA	NA	NA	NA	NA	10	56	9	145	19	1	72	37	1	NA	6	12	NA	NA	1	NA	NA	NA	NA	NA
sf	23.8095238095238	76.1904761904762	4.25531914893617	85.1063829787234	10.6382978723404	NA	57.8947368421053	42.1052631578947	NA	NA	NA	100	NA	NA	100	NA	NA	NA	NA	NA	5	16	2	40	5	NA	11	8	NA	NA	NA	2	NA	NA	1	NA	NA	NA	NA	NA
sg	20	80	NA	100	NA	NA	57.1428571428571	42.8571428571429	NA	NA	NA	100	NA	NA	NA	NA	NA	NA	NA	NA	1	4	NA	12	NA	NA	4	3	NA	NA	NA	2	NA	NA	NA	NA	NA	NA	NA	NA
si	20	80	7.31707317073171	58.5365853658537	34.1463414634146	4.65116279069767	83.7209302325581	11.6279069767442	NA	NA	54.5454545454545	36.3636363636364	9.09090909090909	NA	45.4545454545455	54.5454545454545	NA	NA	NA	NA	2	8	3	24	14	2	36	5	NA	NA	6	4	1	NA	5	6	NA	NA	NA	NA
sl	NA	100	NA	100	NA	NA	NA	NA	NA	NA	NA	NA	NA	NA	NA	NA	NA	NA	NA	NA	NA	5	NA	3	NA	NA	NA	NA	NA	NA	NA	NA	NA	NA	NA	NA	NA	NA	NA	NA
sm	10	90	5	65	30	NA	16.6666666666667	83.3333333333333	NA	NA	NA	NA	NA	NA	NA	NA	NA	NA	NA	NA	1	9	1	13	6	NA	1	5	NA	NA	NA	NA	NA	NA	NA	NA	NA	NA	NA	NA
sn	NA	100	NA	NA	NA	NA	NA	NA	NA	NA	NA	NA	NA	NA	NA	NA	NA	NA	NA	NA	NA	2	NA	NA	NA	NA	NA	NA	NA	NA	NA	NA	NA	NA	NA	NA	NA	NA	NA	NA
so	10.8695652173913	89.1304347826087	4.37956204379562	83.2116788321168	12.4087591240876	2.12765957446809	80.1418439716312	17.7304964539007	NA	1.66666666666667	41.6666666666667	56.6666666666667	NA	NA	46.1538461538462	53.8461538461538	NA	NA	100	NA	5	41	6	114	17	3	113	25	NA	1	25	34	NA	NA	6	7	NA	NA	1	NA
sp	9.75609756097561	90.2439024390244	7.23404255319149	77.0212765957447	15.7446808510638	2.75229357798165	57.7981651376147	39.4495412844037	NA	2.77777777777778	47.2222222222222	47.2222222222222	2.77777777777778	NA	NA	100	NA	NA	NA	NA	12	111	17	181	37	3	63	43	NA	1	17	17	1	NA	NA	8	NA	NA	NA	NA
sq	14.2857142857143	85.7142857142857	NA	100	NA	NA	100	NA	NA	NA	NA	NA	NA	NA	NA	NA	NA	NA	NA	NA	1	6	NA	4	NA	NA	1	NA	NA	NA	NA	NA	NA	NA	NA	NA	NA	NA	NA	NA
ss	NA	NA	NA	100	NA	NA	100	NA	NA	NA	NA	NA	NA	NA	NA	NA	NA	NA	NA	NA	NA	NA	NA	1	NA	NA	1	NA	NA	NA	NA	NA	NA	NA	NA	NA	NA	NA	NA	NA
st	8.94308943089431	91.0569105691057	3.88888888888889	76.6666666666667	19.4444444444444	NA	68.4931506849315	31.5068493150685	NA	NA	45.8333333333333	54.1666666666667	NA	NA	33.3333333333333	66.6666666666667	NA	NA	NA	NA	11	112	7	138	35	NA	50	23	NA	NA	11	13	NA	NA	1	2	NA	NA	NA	NA
su	11.7647058823529	88.2352941176471	9.61538461538462	73.0769230769231	17.3076923076923	3.79746835443038	75.9493670886076	20.253164556962	NA	NA	38.4615384615385	61.5384615384615	NA	NA	100	NA	NA	NA	NA	NA	2	15	5	38	9	3	60	16	NA	NA	5	8	NA	NA	1	NA	NA	NA	NA	NA
sv	20	80	13.953488372093	69.7674418604651	16.2790697674419	4.76190476190476	61.9047619047619	33.3333333333333	NA	11.1111111111111	44.4444444444444	44.4444444444444	NA	NA	NA	100	NA	NA	NA	NA	4	16	6	30	7	1	13	7	NA	1	4	4	NA	NA	NA	1	NA	NA	NA	NA
ta	4.76190476190476	95.2380952380952	4.08163265306122	77.5510204081633	18.3673469387755	NA	66.6666666666667	33.3333333333333	NA	NA	50	50	NA	NA	NA	NA	NA	NA	NA	NA	2	40	2	38	9	NA	16	8	NA	NA	1	1	NA	NA	NA	NA	NA	NA	NA	NA
te	12.5	87.5	2.65486725663717	73.4513274336283	23.8938053097345	1.51515151515152	66.6666666666667	28.7878787878788	3.03030303030303	NA	69.0476190476191	26.1904761904762	4.76190476190476	NA	66.6666666666667	33.3333333333333	NA	NA	NA	NA	6	42	3	83	27	1	44	19	2	NA	29	11	2	NA	2	1	NA	NA	NA	NA
ti	12.5	87.5	2.32558139534884	58.1395348837209	39.5348837209302	NA	43.75	56.25	NA	NA	NA	NA	NA	NA	NA	NA	NA	NA	NA	NA	2	14	1	25	17	NA	7	9	NA	NA	NA	NA	NA	NA	NA	NA	NA	NA	NA	NA
to	9.30232558139535	90.6976744186046	7.57575757575758	60.6060606060606	31.8181818181818	2.38095238095238	61.9047619047619	33.3333333333333	2.38095238095238	NA	100	NA	NA	NA	NA	NA	NA	NA	NA	NA	4	39	5	40	21	1	26	14	1	NA	1	NA	NA	NA	NA	NA	NA	NA	NA	NA
tr	16.6666666666667	83.3333333333333	6.71140939597315	80.5369127516778	12.751677852349	3.03030303030303	76.5151515151515	20.4545454545455	NA	NA	42.4242424242424	57.5757575757576	NA	NA	NA	NA	NA	NA	NA	NA	8	40	10	120	19	4	101	27	NA	NA	14	19	NA	NA	NA	NA	NA	NA	NA	NA
ts	NA	100	NA	NA	NA	NA	NA	NA	NA	NA	NA	NA	NA	NA	NA	NA	NA	NA	NA	NA	NA	1	NA	NA	NA	NA	NA	NA	NA	NA	NA	NA	NA	NA	NA	NA	NA	NA	NA	NA
tu	7.40740740740741	92.5925925925926	3.84615384615385	92.3076923076923	3.84615384615385	NA	46.6666666666667	53.3333333333333	NA	NA	NA	NA	NA	NA	NA	NA	NA	NA	NA	NA	2	25	1	24	1	NA	7	8	NA	NA	NA	NA	NA	NA	NA	NA	NA	NA	NA	NA
tv	NA	100	NA	NA	NA	NA	NA	NA	NA	NA	NA	NA	NA	NA	NA	NA	NA	NA	NA	NA	NA	1	NA	NA	NA	NA	NA	NA	NA	NA	NA	NA	NA	NA	NA	NA	NA	NA	NA	NA
ua	NA	100	NA	NA	NA	NA	NA	NA	NA	NA	100	NA	NA	NA	NA	NA	NA	NA	NA	NA	NA	2	NA	NA	NA	NA	NA	NA	NA	NA	1	NA	NA	NA	NA	NA	NA	NA	NA	NA
ub	NA	NA	NA	100	NA	NA	100	NA	NA	NA	33.3333333333333	66.6666666666667	NA	NA	NA	NA	NA	NA	NA	NA	NA	NA	NA	1	NA	NA	11	NA	NA	NA	1	2	NA	NA	NA	NA	NA	NA	NA	NA
uc	NA	NA	NA	100	NA	12.5	25	62.5	NA	NA	66.6666666666667	33.3333333333333	NA	NA	NA	NA	NA	NA	NA	NA	NA	NA	NA	7	NA	2	4	10	NA	NA	2	1	NA	NA	NA	NA	NA	NA	NA	NA
ud	33.3333333333333	66.6666666666667	NA	90	10	NA	NA	100	NA	NA	NA	NA	NA	NA	NA	NA	NA	NA	NA	NA	1	2	NA	9	1	NA	NA	2	NA	NA	NA	NA	NA	NA	NA	NA	NA	NA	NA	NA
uf	NA	100	NA	100	NA	NA	100	NA	NA	NA	NA	NA	NA	NA	NA	NA	NA	NA	NA	NA	NA	2	NA	2	NA	NA	2	NA	NA	NA	NA	NA	NA	NA	NA	NA	NA	NA	NA	NA
ug	33.3333333333333	66.6666666666667	NA	100	NA	NA	100	NA	NA	NA	NA	NA	NA	NA	NA	NA	NA	NA	NA	NA	1	2	NA	2	NA	NA	1	NA	NA	NA	NA	NA	NA	NA	NA	NA	NA	NA	NA	NA
ul	NA	NA	NA	25	75	NA	100	NA	NA	NA	100	NA	NA	NA	NA	NA	NA	NA	NA	NA	NA	NA	NA	2	6	NA	2	NA	NA	NA	2	NA	NA	NA	NA	NA	NA	NA	NA	NA
um	100	NA	NA	50	50	100	NA	NA	NA	NA	NA	NA	NA	NA	NA	NA	NA	NA	NA	NA	1	NA	NA	6	6	2	NA	NA	NA	NA	NA	NA	NA	NA	NA	NA	NA	NA	NA	NA
un	14.2857142857143	85.7142857142857	4.76190476190476	71.4285714285714	23.8095238095238	NA	25	75	NA	33.3333333333333	66.6666666666667	NA	NA	NA	NA	NA	NA	NA	NA	NA	1	6	1	15	5	NA	2	6	NA	1	2	NA	NA	NA	NA	NA	NA	NA	NA	NA
uo	NA	100	NA	50	50	NA	100	NA	NA	NA	100	NA	NA	NA	NA	NA	NA	NA	NA	NA	NA	3	NA	1	1	NA	1	NA	NA	NA	1	NA	NA	NA	NA	NA	NA	NA	NA	NA
ur	42.8571428571429	57.1428571428571	NA	94.1176470588235	5.88235294117647	NA	66.6666666666667	33.3333333333333	NA	NA	NA	NA	NA	NA	NA	NA	NA	NA	NA	NA	3	4	NA	16	1	NA	2	1	NA	NA	NA	NA	NA	NA	NA	NA	NA	NA	NA	NA
us	20	80	13.8888888888889	69.4444444444444	16.6666666666667	NA	64.2857142857143	35.7142857142857	NA	NA	NA	NA	NA	NA	NA	NA	NA	NA	NA	NA	2	8	5	25	6	NA	9	5	NA	NA	NA	NA	NA	NA	NA	NA	NA	NA	NA	NA
ut	NA	NA	NA	NA	100	50	50	NA	NA	7.69230769230769	61.5384615384615	30.7692307692308	NA	NA	NA	100	NA	NA	NA	NA	NA	NA	NA	NA	2	1	1	NA	NA	1	8	4	NA	NA	NA	1	NA	NA	NA	NA
uv	NA	100	NA	NA	NA	NA	NA	NA	NA	NA	NA	NA	NA	NA	NA	NA	NA	NA	NA	NA	NA	1	NA	NA	NA	NA	NA	NA	NA	NA	NA	NA	NA	NA	NA	NA	NA	NA	NA	NA
va	8.69565217391304	91.304347826087	2.5	77.5	20	NA	50	50	NA	NA	100	NA	NA	NA	NA	NA	NA	NA	NA	NA	2	21	1	31	8	NA	6	6	NA	NA	5	NA	NA	NA	NA	NA	NA	NA	NA	NA
ve	14.7540983606557	85.2459016393443	3.57142857142857	82.1428571428571	14.2857142857143	5.26315789473684	59.2105263157895	35.5263157894737	NA	NA	64.7058823529412	23.5294117647059	11.7647058823529	NA	40	40	20	NA	NA	NA	9	52	5	115	20	4	45	27	NA	NA	11	4	2	NA	2	2	1	NA	NA	NA
VE	NA	100	NA	NA	NA	NA	NA	100	NA	NA	NA	NA	NA	NA	NA	NA	NA	NA	NA	NA	NA	4	NA	NA	NA	NA	NA	1	NA	NA	NA	NA	NA	NA	NA	NA	NA	NA	NA	NA
vi	4.8780487804878	95.1219512195122	3	68	29	4.65116279069767	79.0697674418605	16.2790697674419	NA	7.14285714285714	42.8571428571429	50	NA	NA	NA	100	NA	NA	NA	100	2	39	3	68	29	2	34	7	NA	1	6	7	NA	NA	NA	1	NA	NA	NA	1
vo	14.2857142857143	85.7142857142857	4.47761194029851	82.089552238806	13.4328358208955	NA	38.0952380952381	61.9047619047619	NA	NA	66.6666666666667	33.3333333333333	NA	NA	NA	NA	NA	NA	NA	NA	5	30	3	55	9	NA	8	13	NA	NA	2	1	NA	NA	NA	NA	NA	NA	NA	NA
vu	20	80	NA	83.3333333333333	16.6666666666667	NA	20	80	NA	NA	NA	NA	NA	NA	NA	NA	NA	NA	NA	NA	1	4	NA	5	1	NA	1	4	NA	NA	NA	NA	NA	NA	NA	NA	NA	NA	NA	NA
za	NA	100	14.2857142857143	85.7142857142857	NA	NA	100	NA	NA	NA	NA	NA	NA	NA	NA	NA	NA	NA	NA	NA	NA	4	1	6	NA	NA	2	NA	NA	NA	NA	NA	NA	NA	NA	NA	NA	NA	NA	NA
ze	NA	100	NA	NA	NA	NA	100	NA	NA	NA	NA	NA	NA	NA	NA	NA	NA	NA	NA	NA	NA	3	NA	NA	NA	NA	1	NA	NA	NA	NA	NA	NA	NA	NA	NA	NA	NA	NA	NA
zi	NA	100	NA	25	75	NA	100	NA	NA	NA	NA	NA	NA	NA	NA	NA	NA	NA	NA	NA	NA	6	NA	1	3	NA	1	NA	NA	NA	NA	NA	NA	NA	NA	NA	NA	NA	NA	NA
zo	NA	100	NA	NA	100	NA	NA	NA	NA	NA	NA	100	NA	NA	NA	NA	NA	NA	NA	NA	NA	3	NA	NA	2	NA	NA	NA	NA	NA	NA	2	NA	NA	NA	NA	NA	NA	NA	NA
zu	NA	100	NA	NA	100	NA	NA	NA	NA	NA	NA	NA	NA	NA	NA	NA	NA	NA	NA	NA	NA	4	NA	NA	2	NA	NA	NA	NA	NA	NA	NA	NA	NA	NA	NA	NA	NA	NA	NA
