2lett	S2_%ULT_Tk	S2_%PULT_Tk	S3_%ULT_Tk	S3_%PULT_Tk	S3_%APULT_Tk	S4_%ULT_Tk	S4_%PULT_Tk	S4_%APULT_Tk	S4_%PAPULT_Tk	S5_%ULT_Tk	S5_%PULT_Tk	S5_%APULT_Tk	S5_%PAPULT_Tk	S6_%ULT_Tk	S6_%PULT_Tk	S6_%APULT_Tk	S6_%PAPULT_Tk	S7_%ULT_Tk	S7_%PULT_Tk	S7_%APULT_Tk	S7_%PAPULT_Tk	S8_%ULT_Tk	S8_%PULT_Tk	S8_%APULT_Tk	S9_%PULT_Tk	S10_%PULT_Tk	S10_%APULT_Tk	S11_%PULT_Tk	S2_nULT_Tk	S2_nPULT_Tk	S3_nULT_Tk	S3_nPULT_Tk	S3_nAPULT_Tk	S4_nULT_Tk	S4_nPULT_Tk	S4_nAPULT_Tk	S4_nPAPULT_Tk	S5_nULT_Tk	S5_nPULT_Tk	S5_nAPULT_Tk	S5_nPAPULT_Tk	S6_nULT_Tk	S6_nPULT_Tk	S6_nAPULT_Tk	S6_nPAPULT_Tk	S7_nULT_Tk	S7_nPULT_Tk	S7_nAPULT_Tk	S7_nPAPULT_Tk	S8_nULT_Tk	S8_nPULT_Tk	S8_nAPULT_Tk	S9_nPULT_Tk	S10_nPULT_Tk	S10_nAPULT_Tk	S11_nPULT_Tk
a'	NA	NA	0	0	100	NA	NA	NA	NA	NA	NA	NA	NA	NA	NA	NA	NA	NA	NA	NA	NA	NA	NA	NA	NA	NA	NA	NA	NA	NA	0	0	1	NA	NA	NA	NA	NA	NA	NA	NA	NA	NA	NA	NA	NA	NA	NA	NA	NA	NA	NA	NA	NA	NA	NA
ab	84.84848485	15.15151515	4.588014981	51.12359551	44.28838951	5.312646921	89.04560414	3.385049365	2.256699577	0.189753321	79.94939911	19.60784314	0.253004428	5.6	69.6	24.8	0	NA	NA	NA	NA	NA	NA	NA	NA	NA	NA	NA	28	5	49	546	473	113	1894	72	48	3	1264	310	4	7	87	31	0	NA	NA	NA	NA	NA	NA	NA	NA	NA	NA	NA
ac	0.165700083	99.83429992	2.200880352	95.69827931	2.100840336	2.231285988	85.02879079	12.73992322	0	0.768808347	81.93300384	15.59582647	1.70236134	1.818181818	73.09090909	25.09090909	0	0	60	40	0	0	0	100	NA	NA	NA	NA	2	1205	110	4783	105	93	3544	531	0	14	1492	284	31	5	201	69	0	0	3	2	0	0	0	1	NA	NA	NA	NA
ad	9.782608696	90.2173913	0.420168067	98.31932773	1.260504202	1.068376068	88.67521368	10.25641026	0	0.538116592	91.47982063	7.443946188	0.538116592	11.36363636	70.45454545	18.18181818	0	0	66.66666667	33.33333333	0	NA	NA	NA	NA	NA	NA	NA	9	83	11	2574	33	15	1245	144	0	6	1020	83	6	5	31	8	0	0	2	1	0	NA	NA	NA	NA	NA	NA	NA
ae	NA	NA	NA	NA	NA	0.809716599	1.214574899	97.9757085	0	0	96.98795181	3.012048193	0	0	22.22222222	77.77777778	0	0	5	95	0	NA	NA	NA	NA	NA	NA	NA	NA	NA	NA	NA	NA	2	3	242	0	0	161	5	0	0	10	35	0	0	2	38	0	NA	NA	NA	NA	NA	NA	NA
af	5.882352941	94.11764706	8.313539192	82.85035629	8.836104513	2.094426695	90.8058218	7.099751509	0	0.940438871	80.2507837	18.80877743	0	31.25	41.25	27.5	0	0	100	0	0	NA	NA	NA	NA	NA	NA	NA	3	48	175	1744	186	59	2558	200	0	6	512	120	0	25	33	22	0	0	4	0	0	NA	NA	NA	NA	NA	NA	NA
ag	3	97	1.240496198	95.6382553	3.121248499	2.215189873	75.26371308	21.83544304	0.685654008	11.31386861	71.71532847	16.78832117	0.182481752	0	78.72340426	21.27659574	0	0	100	0	0	NA	NA	NA	NA	NA	NA	NA	6	194	31	2390	78	42	1427	414	13	62	393	92	1	0	37	10	0	0	13	0	0	NA	NA	NA	NA	NA	NA	NA
ah	66.66666667	33.33333333	93.10344828	6.896551724	0	0	100	0	0	NA	NA	NA	NA	NA	NA	NA	NA	NA	NA	NA	NA	NA	NA	NA	NA	NA	NA	NA	2	1	27	2	0	0	2	0	0	NA	NA	NA	NA	NA	NA	NA	NA	NA	NA	NA	NA	NA	NA	NA	NA	NA	NA	NA
ai	0	100	9.021406728	90.82568807	0.152905199	3.231017771	91.27625202	5.49273021	0	0	23.52941176	76.47058824	0	NA	NA	NA	NA	NA	NA	NA	NA	NA	NA	NA	NA	NA	NA	NA	0	16	59	594	1	20	565	34	0	0	8	26	0	NA	NA	NA	NA	NA	NA	NA	NA	NA	NA	NA	NA	NA	NA	NA
aj	0	100	0	100	0	NA	NA	NA	NA	NA	NA	NA	NA	NA	NA	NA	NA	NA	NA	NA	NA	NA	NA	NA	NA	NA	NA	NA	0	12	0	2	0	NA	NA	NA	NA	NA	NA	NA	NA	NA	NA	NA	NA	NA	NA	NA	NA	NA	NA	NA	NA	NA	NA	NA
ak	NA	NA	0	100	0	0	20	80	0	NA	NA	NA	NA	NA	NA	NA	NA	NA	NA	NA	NA	NA	NA	NA	NA	NA	NA	NA	NA	NA	0	4	0	0	1	4	0	NA	NA	NA	NA	NA	NA	NA	NA	NA	NA	NA	NA	NA	NA	NA	NA	NA	NA	NA
al	4.117315285	95.88268472	1.346429754	93.48857742	5.164992826	1.07652703	92.3941025	6.412356658	0.117013808	0.057372347	93.91853127	5.909351692	0.114744693	0	77.30496454	22.69503546	0	0	87.5	0	12.5	NA	NA	NA	NA	NA	NA	NA	511	11900	122	8471	468	46	3948	274	5	1	1637	103	2	0	109	32	0	0	7	0	1	NA	NA	NA	NA	NA	NA	NA
am	5.921938089	94.07806191	0.521467061	94.64627151	4.832261429	1.957831325	67.46987952	30.53463855	0.037650602	0.165198238	90.91409692	8.810572687	0.110132159	0.348837209	96.74418605	2.906976744	0	0	100	0	0	0	100	0	NA	NA	NA	NA	44	699	30	5445	278	52	1792	811	1	3	1651	160	2	3	832	25	0	0	2	0	0	0	3	0	NA	NA	NA	NA
an	2.463824795	97.53617521	2.358490566	85.85747978	11.78402965	1.333936242	67.21682116	31.17793353	0.271309066	0.673148841	78.23485415	19.22213912	1.869857891	0.324675325	69.80519481	29.87012987	0	1.492537313	74.62686567	23.88059701	0	6.25	81.25	12.5	NA	NA	NA	NA	630	24940	280	10193	1399	59	2973	1379	12	9	1046	257	25	1	215	92	0	1	50	16	0	2	26	4	NA	NA	NA	NA
ao	NA	NA	0	100	0	0	0	100	0	NA	NA	NA	NA	NA	NA	NA	NA	NA	NA	NA	NA	NA	NA	NA	NA	NA	NA	NA	NA	NA	0	37	0	0	0	2	0	NA	NA	NA	NA	NA	NA	NA	NA	NA	NA	NA	NA	NA	NA	NA	NA	NA	NA	NA
ap	25.97402597	74.02597403	1.967089086	96.16039342	1.872517496	1.714285714	86.57142857	11.32142857	0.392857143	0.095192765	90.3855307	9.519276535	0	0.757575758	84.09090909	14.77272727	0.378787879	0	88.88888889	11.11111111	0	0	100	0	NA	NA	NA	NA	100	285	104	5084	99	48	2424	317	11	2	1899	200	0	2	222	39	1	0	24	3	0	0	9	0	NA	NA	NA	NA
aq	NA	NA	0	11.11111111	88.88888889	0	100	0	0	NA	NA	NA	NA	NA	NA	NA	NA	NA	NA	NA	NA	NA	NA	NA	NA	NA	NA	NA	NA	NA	0	5	40	0	20	0	0	NA	NA	NA	NA	NA	NA	NA	NA	NA	NA	NA	NA	NA	NA	NA	NA	NA	NA	NA
ar	1.046882112	98.95311789	5.574061737	73.37330668	21.05263158	1.683203402	80.98866052	17.32813607	0	0.689655172	71.72413793	27.29064039	0.295566502	0.303030303	41.81818182	57.87878788	0	0	75	25	0	0	100	0	NA	NA	NA	NA	23	2174	251	3304	948	95	4571	978	0	7	728	277	3	1	138	191	0	0	3	1	0	0	3	0	NA	NA	NA	NA
as	5.592841163	94.40715884	2.038505096	95.78142695	2.18006795	1.367521368	88.18376068	10.44871795	0	0.437397485	86.71405139	12.79387644	0.054674686	0	93.05263158	6.947368421	0	9.090909091	81.81818182	9.090909091	0	NA	NA	NA	NA	NA	NA	NA	25	422	72	3383	77	64	4127	489	0	8	1586	234	1	0	442	33	0	1	9	1	0	NA	NA	NA	NA	NA	NA	NA
at	1.286173633	98.71382637	0.579053374	92.29607251	7.124874119	15.99830257	74.11415234	9.86632718	0.021217908	0.436300175	82.80977312	16.57940663	0.17452007	21.62162162	35.13513514	43.24324324	0	0	0	100	0	NA	NA	NA	NA	NA	NA	NA	8	614	23	3666	283	754	3493	465	1	5	949	190	2	16	26	32	0	0	0	1	0	NA	NA	NA	NA	NA	NA	NA
au	1.396648045	98.60335196	1.52173913	86.84782609	11.63043478	17.3627685	50.47732697	31.68257757	0.477326969	2.014846235	58.00636267	39.97879109	0	0.415800416	90.22869023	9.355509356	0	0	60.6557377	39.3442623	0	0	88	12	100	NA	NA	NA	15	1059	28	1598	214	291	846	531	8	19	547	377	0	2	434	45	0	0	111	72	0	0	22	3	8	NA	NA	NA
av	20.60677467	79.39322533	0.419536136	98.18728726	1.393176601	1.098376313	53.05635148	45.84527221	0	0	86.328125	13.671875	0	0	46.60194175	53.39805825	0	0	0	0	100	NA	NA	NA	NA	NA	NA	NA	3498	13477	106	24808	352	69	3333	2880	0	0	663	105	0	0	48	55	0	0	0	0	1	NA	NA	NA	NA	NA	NA	NA
ay	0	100	0	100	0	NA	NA	NA	NA	NA	NA	NA	NA	NA	NA	NA	NA	NA	NA	NA	NA	NA	NA	NA	NA	NA	NA	NA	0	6	0	14	0	NA	NA	NA	NA	NA	NA	NA	NA	NA	NA	NA	NA	NA	NA	NA	NA	NA	NA	NA	NA	NA	NA	NA
az	33.33333333	66.66666667	0.279798545	99.66424175	0.055959709	0.317460317	98.0952381	1.587301587	0	0	73.68421053	26.31578947	0	0	100	0	0	0	100	0	0	NA	NA	NA	NA	NA	NA	NA	2	4	5	1781	1	1	309	5	0	0	28	10	0	0	3	0	0	0	1	0	0	NA	NA	NA	NA	NA	NA	NA
ba	5.516652434	94.48334757	1.599526066	88.41824645	9.982227488	1.696969697	82.42424242	15.6969697	0.181818182	0	72.22222222	27.77777778	0	0	45.45454545	54.54545455	0	NA	NA	NA	NA	NA	NA	NA	NA	NA	NA	NA	323	5532	108	5970	674	28	1360	259	3	0	104	40	0	0	5	6	0	NA	NA	NA	NA	NA	NA	NA	NA	NA	NA	NA
be	5.432372506	94.56762749	2.10474792	85.16886931	12.72638277	0.374331551	75.61497326	24.01069519	0	0.473933649	91.94312796	7.582938389	0	0	41.66666667	58.33333333	0	0	83.33333333	16.66666667	0	NA	NA	NA	NA	NA	NA	NA	245	4265	43	1740	260	7	1414	449	0	1	194	16	0	0	10	14	0	0	5	1	0	NA	NA	NA	NA	NA	NA	NA
bi	1.439182916	98.56081708	0.524762217	95.01475894	4.460478846	4.946653734	79.43743938	15.61590689	0	2.358490566	90.56603774	7.075471698	0	0	88	12	0	NA	NA	NA	NA	NA	NA	NA	NA	NA	NA	NA	31	2123	16	2897	136	51	819	161	0	5	192	15	0	0	22	3	0	NA	NA	NA	NA	NA	NA	NA	NA	NA	NA	NA
bl	3.345724907	96.65427509	0	98.62475442	1.37524558	0	84.61538462	15.38461538	0	0	100	0	0	NA	NA	NA	NA	NA	NA	NA	NA	NA	NA	NA	NA	NA	NA	NA	9	260	0	502	7	0	33	6	0	0	1	0	0	NA	NA	NA	NA	NA	NA	NA	NA	NA	NA	NA	NA	NA	NA	NA
bo	4.62962963	95.37037037	2.002931119	93.25842697	4.738641915	0.243902439	81.09756098	18.65853659	0	0	97.5	2.5	0	NA	NA	NA	NA	NA	NA	NA	NA	NA	NA	NA	NA	NA	NA	NA	130	2678	41	1909	97	2	665	153	0	0	78	2	0	NA	NA	NA	NA	NA	NA	NA	NA	NA	NA	NA	NA	NA	NA	NA
br	1.065719361	98.93428064	1.24508519	82.11009174	16.64482307	2.372881356	61.52542373	36.10169492	0	0	92	8	0	0	100	0	0	NA	NA	NA	NA	NA	NA	NA	NA	NA	NA	NA	30	2785	19	1253	254	14	363	213	0	0	23	2	0	0	5	0	0	NA	NA	NA	NA	NA	NA	NA	NA	NA	NA	NA
bu	2.534191472	97.46580853	0.591715976	84.14201183	15.26627219	0	88.88888889	11.11111111	0	0	46.22641509	53.77358491	0	0	100	0	0	0	100	0	0	NA	NA	NA	NA	NA	NA	NA	63	2423	5	711	129	0	248	31	0	0	49	57	0	0	4	0	0	0	1	0	0	NA	NA	NA	NA	NA	NA	NA
by	NA	NA	NA	NA	NA	0	100	0	0	NA	NA	NA	NA	NA	NA	NA	NA	NA	NA	NA	NA	NA	NA	NA	NA	NA	NA	NA	NA	NA	NA	NA	NA	0	1	0	0	NA	NA	NA	NA	NA	NA	NA	NA	NA	NA	NA	NA	NA	NA	NA	NA	NA	NA	NA
ca	4.346773217	95.65322678	1.883895352	81.23191401	16.88419063	4.406465562	77.25728405	18.08915886	0.247091527	0.371920037	85.82054858	13.76104138	0.046490005	0	42.70186335	57.29813665	0	0	89.13043478	10.86956522	0	NA	NA	NA	NA	NA	NA	NA	718	15800	319	13755	2859	428	7504	1757	24	8	1846	296	1	0	275	369	0	0	41	5	0	NA	NA	NA	NA	NA	NA	NA
ce	1.225136927	98.77486307	1.702530149	78.8366044	19.46086545	2.081447964	79.54751131	17.91855204	0.452488688	0.481927711	83.37349398	15.90361446	0.240963855	0	80	20	0	0	92.30769231	7.692307692	0	0	0	100	NA	NA	NA	NA	85	6853	72	3334	823	46	1758	396	10	2	346	66	1	0	20	5	0	0	12	1	0	0	0	1	NA	NA	NA	NA
ch	6.437985806	93.56201419	2.23520447	63.93192786	33.83286767	0.359389039	37.37646002	61.09613657	1.168014376	0	42.22222222	55.55555556	2.222222222	0	90	10	0	NA	NA	NA	NA	NA	NA	NA	NA	NA	NA	NA	381	5537	88	2517	1332	4	416	680	13	0	19	25	1	0	18	2	0	NA	NA	NA	NA	NA	NA	NA	NA	NA	NA	NA
ci	39.54869359	60.45130641	5.168539326	60.70626003	34.12520064	1.168014376	86.83737646	10.55705301	1.437556155	0.763358779	89.1221374	10.11450382	0	1.5625	84.375	14.0625	0	0	8.474576271	91.52542373	0	0	100	0	NA	NA	NA	NA	2664	4072	161	1891	1063	26	1933	235	32	4	467	53	0	1	54	9	0	0	15	162	0	0	1	0	NA	NA	NA	NA
cl	0	100	0	41.3	58.7	1.018675722	56.36672326	42.61460102	0	7.692307692	81.73076923	8.653846154	1.923076923	0	90.90909091	9.090909091	0	0	100	0	0	NA	NA	NA	NA	NA	NA	NA	0	1010	0	413	587	6	332	251	0	8	85	9	2	0	70	7	0	0	6	0	0	NA	NA	NA	NA	NA	NA	NA
cn	0	100	NA	NA	NA	NA	NA	NA	NA	NA	NA	NA	NA	NA	NA	NA	NA	NA	NA	NA	NA	NA	NA	NA	NA	NA	NA	NA	0	1	NA	NA	NA	NA	NA	NA	NA	NA	NA	NA	NA	NA	NA	NA	NA	NA	NA	NA	NA	NA	NA	NA	NA	NA	NA	NA
co	13.72532895	86.27467105	1.493705768	92.03356924	6.472724995	4.00793505	85.80140333	10.13923074	0.051430881	0.857142857	84.48979592	11.87755102	2.775510204	2.496878901	78.44361215	19.05950895	0	15.49295775	70.42253521	14.08450704	0	0	98.27586207	1.724137931	NA	NA	NA	NA	5007	31473	477	29390	2067	1091	23356	2760	14	84	8280	1164	272	60	1885	458	0	11	50	10	0	0	114	2	NA	NA	NA	NA
cr	0.979398852	99.02060115	1.264044944	62.98154093	35.75441413	2.120717781	74.95921697	22.51223491	0.407830343	64.47761194	20.89552239	14.62686567	0	0	80	20	0	0	83.33333333	16.66666667	0	NA	NA	NA	NA	NA	NA	NA	29	2932	63	3139	1782	26	919	276	5	216	70	49	0	0	12	3	0	0	5	1	0	NA	NA	NA	NA	NA	NA	NA
cu	0.325502406	99.67449759	0.524828421	89.38231732	10.09285426	18.24742268	70	11.44329897	0.309278351	0	78.57142857	21.42857143	0	NA	NA	NA	NA	0	100	0	0	NA	NA	NA	NA	NA	NA	NA	23	7043	13	2214	250	177	679	111	3	0	33	9	0	NA	NA	NA	NA	0	2	0	0	NA	NA	NA	NA	NA	NA	NA
cy	100	0	0	100	0	NA	NA	NA	NA	NA	NA	NA	NA	NA	NA	NA	NA	NA	NA	NA	NA	NA	NA	NA	NA	NA	NA	NA	3	0	0	10	0	NA	NA	NA	NA	NA	NA	NA	NA	NA	NA	NA	NA	NA	NA	NA	NA	NA	NA	NA	NA	NA	NA	NA
d'	10.20408163	89.79591837	0.141843972	96.45390071	3.404255319	1.449275362	94.20289855	4.347826087	0	0	50	50	0	NA	NA	NA	NA	NA	NA	NA	NA	NA	NA	NA	NA	NA	NA	NA	5	44	1	680	24	1	65	3	0	0	1	1	0	NA	NA	NA	NA	NA	NA	NA	NA	NA	NA	NA	NA	NA	NA	NA
da	0.728959576	99.27104042	0.105904157	93.06327773	6.83081811	0.320512821	95.51282051	3.846153846	0.320512821	0	69.23076923	30.76923077	0	0	50	50	0	NA	NA	NA	NA	NA	NA	NA	NA	NA	NA	NA	121	16478	4	3515	258	1	298	12	1	0	18	8	0	0	1	1	0	NA	NA	NA	NA	NA	NA	NA	NA	NA	NA	NA
de	0.474636606	99.52536339	1.922503726	80.81967213	17.25782414	1.294903926	86.99526594	11.48705096	0.22277917	0.193673338	79.825694	18.23757263	1.743060039	0.31152648	86.60436137	12.77258567	0.31152648	0	98.35164835	1.648351648	0	0	100	0	NA	NA	NA	NA	16	3355	129	5423	1158	93	6248	825	16	6	2473	565	54	1	278	41	1	0	179	3	0	0	6	0	NA	NA	NA	NA
di	0.143931862	99.85606814	1.258137664	90.63711506	8.104747275	5.108242846	73.03831182	21.83295773	0.020487605	0.680851064	84	14.91489362	0.404255319	24.47183099	60.38732394	14.96478873	0.176056338	0	88.23529412	11.76470588	0	0	100	0	100	NA	NA	NA	97	67296	172	12391	1108	748	10695	3197	3	32	3948	701	19	139	343	85	1	0	30	4	0	0	1	0	1	NA	NA	NA
dj	50	50	NA	NA	NA	NA	NA	NA	NA	0	100	0	0	NA	NA	NA	NA	NA	NA	NA	NA	NA	NA	NA	NA	NA	NA	NA	1	1	NA	NA	NA	NA	NA	NA	NA	0	1	0	0	NA	NA	NA	NA	NA	NA	NA	NA	NA	NA	NA	NA	NA	NA	NA
do	5.910428245	94.08957176	1.13383986	82.9924021	15.87375804	1.156069364	51.87861272	46.27890173	0.686416185	0	82.06896552	17.93103448	0	0	95.55555556	4.444444444	0	0	0	100	0	NA	NA	NA	NA	NA	NA	NA	904	14391	97	7100	1358	32	1436	1281	19	0	238	52	0	0	86	4	0	0	0	5	0	NA	NA	NA	NA	NA	NA	NA
dr	0.502512563	99.49748744	0.502512563	62.81407035	36.68341709	0	11.71875	88.28125	0	24.44444444	66.66666667	8.888888889	0	0	100	0	0	0	100	0	0	NA	NA	NA	NA	NA	NA	NA	3	594	1	125	73	0	30	226	0	11	30	4	0	0	20	0	0	0	3	0	0	NA	NA	NA	NA	NA	NA	NA
du	0.386056546	99.61394345	1.725163593	92.38548483	5.889351576	2.506963788	92.2005571	4.178272981	1.114206128	15.38461538	61.53846154	23.07692308	0	0	100	0	0	0	100	0	0	0	100	0	100	NA	NA	NA	34	8773	29	1553	99	9	331	15	4	2	8	3	0	0	18	0	0	0	11	0	0	0	1	0	2	NA	NA	NA
e'	0	100	0	0	100	NA	NA	NA	NA	NA	NA	NA	NA	NA	NA	NA	NA	NA	NA	NA	NA	NA	NA	NA	NA	NA	NA	NA	0	2	0	0	2	NA	NA	NA	NA	NA	NA	NA	NA	NA	NA	NA	NA	NA	NA	NA	NA	NA	NA	NA	NA	NA	NA	NA
eb	33.33333333	66.66666667	0	94.9044586	5.095541401	0	7.258064516	92.74193548	0	0	100	0	0	NA	NA	NA	NA	NA	NA	NA	NA	NA	NA	NA	NA	NA	NA	NA	1	2	0	298	16	0	9	115	0	0	18	0	0	NA	NA	NA	NA	NA	NA	NA	NA	NA	NA	NA	NA	NA	NA	NA
ec	0	100	1.216545012	52.06812652	46.71532847	0	86.61037394	13.02774427	0.361881785	0.258732212	42.17335058	57.56791721	0	33.33333333	66.66666667	0	0	0	94.44444444	5.555555556	0	NA	NA	NA	NA	NA	NA	NA	0	995	5	214	192	0	718	108	3	4	652	890	0	18	36	0	0	0	34	2	0	NA	NA	NA	NA	NA	NA	NA
ed	0	100	1.960784314	43.79084967	54.24836601	0.192122959	95.19692603	4.610951009	0	0	98.62258953	1.377410468	0	0	83.33333333	16.66666667	0	NA	NA	NA	NA	NA	NA	NA	NA	NA	NA	NA	0	42	3	67	83	2	991	48	0	0	358	5	0	0	20	4	0	NA	NA	NA	NA	NA	NA	NA	NA	NA	NA	NA
ef	100	0	0.105485232	99.78902954	0.105485232	0.133868809	94.77911647	5.087014726	0	8.695652174	78.26086957	13.04347826	0	0	100	0	0	NA	NA	NA	NA	NA	NA	NA	NA	NA	NA	NA	1	0	1	946	1	1	708	38	0	2	18	3	0	0	89	0	0	NA	NA	NA	NA	NA	NA	NA	NA	NA	NA	NA
eg	0.06687174	99.93312826	0	89.86486486	10.13513514	0	96.74796748	3.25203252	0	0	68	32	0	0	100	0	0	0	100	0	0	NA	NA	NA	NA	NA	NA	NA	5	7472	0	133	15	0	119	4	0	0	34	16	0	0	1	0	0	0	1	0	0	NA	NA	NA	NA	NA	NA	NA
ei	NA	NA	0	100	0	0	100	0	0	NA	NA	NA	NA	0	100	0	0	NA	NA	NA	NA	NA	NA	NA	NA	NA	NA	NA	NA	NA	0	36	0	0	1	0	0	NA	NA	NA	NA	0	3	0	0	NA	NA	NA	NA	NA	NA	NA	NA	NA	NA	NA
ek	NA	NA	NA	NA	NA	NA	NA	NA	NA	0	100	0	0	NA	NA	NA	NA	NA	NA	NA	NA	NA	NA	NA	NA	NA	NA	NA	NA	NA	NA	NA	NA	NA	NA	NA	NA	0	1	0	0	NA	NA	NA	NA	NA	NA	NA	NA	NA	NA	NA	NA	NA	NA	NA
el	1.25	98.75	0.909090909	88.44155844	10.64935065	0.66762041	84.69241774	14.63996185	0	2.963917526	77.5128866	18.75	0.773195876	0.574712644	88.50574713	10.91954023	0	0	15.78947368	84.21052632	0	0	100	0	100	NA	NA	NA	2	158	7	681	82	14	1776	307	0	46	1203	291	12	1	154	19	0	0	6	32	0	0	3	0	2	NA	NA	NA
em	0	100	1.18694362	95.54896142	3.264094955	0.965759438	84.10886743	14.92537313	0	1.818181818	88.86363636	9.318181818	0	0	93.50649351	6.493506494	0	0	80	20	0	NA	NA	NA	NA	NA	NA	NA	0	62	8	644	22	11	958	170	0	8	391	41	0	0	72	5	0	0	4	1	0	NA	NA	NA	NA	NA	NA	NA
en	7.088607595	92.91139241	3.725579282	91.18582463	5.088596093	0.54884742	71.67947311	27.77167947	0	0	46.72489083	53.27510917	0	0	76.92307692	23.07692308	0	0	57.14285714	42.85714286	0	0	100	0	NA	NA	NA	NA	84	1101	82	2007	112	5	653	253	0	0	107	122	0	0	50	15	0	0	4	3	0	0	2	0	NA	NA	NA	NA
eo	NA	NA	0	40	60	0	66.66666667	33.33333333	0	NA	NA	NA	NA	NA	NA	NA	NA	NA	NA	NA	NA	NA	NA	NA	NA	NA	NA	NA	NA	NA	0	4	6	0	2	1	0	NA	NA	NA	NA	NA	NA	NA	NA	NA	NA	NA	NA	NA	NA	NA	NA	NA	NA	NA
ep	72.72727273	27.27272727	0	51.2763596	48.7236404	0.238095238	85	14.76190476	0	0	67.54385965	32.45614035	0	33.33333333	33.33333333	33.33333333	0	0	38.88888889	61.11111111	0	NA	NA	NA	NA	NA	NA	NA	8	3	0	462	439	1	357	62	0	0	77	37	0	1	1	1	0	0	7	11	0	NA	NA	NA	NA	NA	NA	NA
eq	0	100	59.25925926	40.74074074	0	0	83.41463415	16.58536585	0	1.685393258	93.25842697	5.056179775	0	0	92.85714286	7.142857143	0	0	100	0	0	NA	NA	NA	NA	NA	NA	NA	0	26	16	11	0	0	342	68	0	3	166	9	0	0	13	1	0	0	1	0	0	NA	NA	NA	NA	NA	NA	NA
er	1.058201058	98.94179894	0	94.81327801	5.186721992	10.05110733	51.10732538	38.67120954	0.170357751	1.754385965	90.64327485	7.602339181	0	16.12903226	70.96774194	12.90322581	0	0	100	0	0	NA	NA	NA	NA	NA	NA	NA	4	374	0	914	50	59	300	227	1	3	155	13	0	5	22	4	0	0	1	0	0	NA	NA	NA	NA	NA	NA	NA
es	4.318453161	95.68154684	0.509626274	44.80558701	54.68478671	1.241359853	68.50049372	29.89138101	0.366765411	1.507300989	90.90909091	6.45313236	1.130475742	0.729927007	87.22627737	12.04379562	0	0	53.84615385	46.15384615	0	0	100	0	NA	NA	NA	NA	2966	65716	135	11869	14486	88	4856	2119	26	32	1930	137	24	2	239	33	0	0	7	6	0	0	1	0	NA	NA	NA	NA
et	90.27113238	9.728867624	0	41.31355932	58.68644068	19.8757764	62.11180124	18.01242236	0	0	80.39215686	19.60784314	0	2.040816327	38.7755102	59.18367347	0	33.33333333	33.33333333	33.33333333	0	NA	NA	NA	NA	NA	NA	NA	566	61	0	195	277	32	100	29	0	0	41	10	0	1	19	29	0	1	1	1	0	NA	NA	NA	NA	NA	NA	NA
eu	0	100	0.128369705	99.35815148	0.513478819	0.103519669	98.3436853	1.552795031	0	0	78.84615385	21.15384615	0	0	100	0	0	0	75	25	0	0	100	0	NA	NA	NA	NA	0	17	1	774	4	1	950	15	0	0	41	11	0	0	20	0	0	0	3	1	0	0	1	0	NA	NA	NA	NA
ev	0	100	1.305483029	79.37336815	19.32114883	0.532268796	95.74184963	2.594810379	1.131071191	8.08988764	84.04494382	7.640449438	0.224719101	0	98.33333333	1.666666667	0	0	75	25	0	NA	NA	NA	NA	NA	NA	NA	0	74	5	304	74	8	1439	39	17	36	374	34	1	0	177	3	0	0	3	1	0	NA	NA	NA	NA	NA	NA	NA
ex	10.76923077	89.23076923	100	0	0	0	100	0	0	0	39.28571429	60.71428571	0	0	100	0	0	0	100	0	0	NA	NA	NA	NA	NA	NA	NA	7	58	2	0	0	0	5	0	0	0	11	17	0	0	1	0	0	0	94	0	0	NA	NA	NA	NA	NA	NA	NA
ez	0	100	NA	NA	NA	0	100	0	0	NA	NA	NA	NA	NA	NA	NA	NA	NA	NA	NA	NA	NA	NA	NA	NA	NA	NA	NA	0	17	NA	NA	NA	0	6	0	0	NA	NA	NA	NA	NA	NA	NA	NA	NA	NA	NA	NA	NA	NA	NA	NA	NA	NA	NA
fa	2.342779722	97.65722028	1.596139569	79.13882702	19.26503341	3.47826087	74.89603025	21.47448015	0.151228733	4.816955684	43.54527938	50.48169557	1.156069364	0	79.09090909	20.90909091	0	0	100	0	0	NA	NA	NA	NA	NA	NA	NA	415	17299	129	6396	1557	92	1981	568	4	25	226	262	6	0	87	23	0	0	36	0	0	NA	NA	NA	NA	NA	NA	NA
fe	5.879319237	94.12068076	2.372700613	81.25833111	16.36896828	11.50159744	69.00958466	19.48881789	0	5.979381443	88.24742268	5.773195876	0	0	35	65	0	0	100	0	0	NA	NA	NA	NA	NA	NA	NA	114	1825	89	3048	614	216	1296	366	0	29	428	28	0	0	7	13	0	0	6	0	0	NA	NA	NA	NA	NA	NA	NA
fi	3.477654713	96.52234529	1.220515634	88.946791	9.832693363	1.237623762	82.42574257	16.33663366	0	0	76.46356033	23.53643967	0	0	55.93220339	44.06779661	0	0	100	0	0	0	100	0	100	NA	NA	NA	449	12462	89	6486	717	30	1998	396	0	0	640	197	0	0	33	26	0	0	25	0	0	0	1	0	1	NA	NA	NA
fl	0.740740741	99.25925926	2.127659574	72.34042553	25.53191489	0.952380952	54.28571429	44.76190476	0	42.1875	53.125	4.6875	0	0	100	0	0	NA	NA	NA	NA	NA	NA	NA	NA	NA	NA	NA	2	268	6	204	72	1	57	47	0	27	34	3	0	0	3	0	0	NA	NA	NA	NA	NA	NA	NA	NA	NA	NA	NA
fo	0.632982932	99.36701707	0.946854001	83.90348198	15.14966402	0.953449243	83.90353337	15.14301739	0	0.118063754	77.4498229	21.95985832	0.472255018	0	80.2919708	19.7080292	0	0	100	0	0	0	100	0	NA	NA	NA	NA	56	8791	31	2747	496	17	1496	270	0	1	656	186	4	0	110	27	0	0	3	0	0	0	1	0	NA	NA	NA	NA
fr	0.50851205	99.49148795	1.330263494	92.8882067	5.781529803	4.912663755	84.17030568	10.91703057	0	2.409638554	56.62650602	38.55421687	2.409638554	0	97.14285714	2.857142857	0	NA	NA	NA	NA	NA	NA	NA	NA	NA	NA	NA	23	4500	52	3631	226	45	771	100	0	4	94	64	4	0	34	1	0	NA	NA	NA	NA	NA	NA	NA	NA	NA	NA	NA
fu	2.224824356	97.77517564	0.342465753	93.9640411	5.693493151	1.680672269	89.81092437	8.508403361	0	13.69047619	72.02380952	14.28571429	0	0	80	20	0	NA	NA	NA	NA	NA	NA	NA	NA	NA	NA	NA	76	3340	8	2195	133	16	855	81	0	23	121	24	0	0	4	1	0	NA	NA	NA	NA	NA	NA	NA	NA	NA	NA	NA
ga	3.256302521	96.74369748	0.165975104	89.70954357	10.12448133	0.436999272	94.75600874	4.806991988	0	0	56.69291339	43.30708661	0	20	60	20	0	0	50	50	0	NA	NA	NA	NA	NA	NA	NA	62	1842	2	1081	122	6	1301	66	0	0	72	55	0	1	3	1	0	0	2	2	0	NA	NA	NA	NA	NA	NA	NA
ge	13.6512389	86.3487611	0.142979697	65.65627681	34.20074349	0.988533017	88.73072361	10.00395413	0.276789245	8.049535604	73.374613	18.42105263	0.154798762	0	86.17021277	13.82978723	0	0	84.61538462	15.38461538	0	NA	NA	NA	NA	NA	NA	NA	292	1847	5	2296	1196	25	2244	253	7	52	474	119	1	0	81	13	0	0	11	2	0	NA	NA	NA	NA	NA	NA	NA
gh	0.862068966	99.13793103	0	93.33333333	6.666666667	0	100	0	0	0	100	0	0	NA	NA	NA	NA	NA	NA	NA	NA	NA	NA	NA	NA	NA	NA	NA	2	230	0	168	12	0	31	0	0	0	11	0	0	NA	NA	NA	NA	NA	NA	NA	NA	NA	NA	NA	NA	NA	NA	NA
gi	1.17798638	98.82201362	3.595233286	68.03676025	28.36800646	0.290979631	85.87132234	13.41739412	0.420303912	0.527704485	65.96306069	31.39841689	2.110817942	1.086956522	75	23.91304348	0	0	100	0	0	NA	NA	NA	NA	NA	NA	NA	128	10738	356	6737	2809	9	2656	415	13	2	250	119	8	1	69	22	0	0	2	0	0	NA	NA	NA	NA	NA	NA	NA
gl	2.747252747	97.25274725	0	87.5739645	12.4260355	5	82.5	12.5	0	11.76470588	76.47058824	11.76470588	0	0	100	0	0	NA	NA	NA	NA	NA	NA	NA	NA	NA	NA	NA	5	177	0	148	21	2	33	5	0	2	13	2	0	0	4	0	0	NA	NA	NA	NA	NA	NA	NA	NA	NA	NA	NA
gn	0	100	0	0	100	NA	NA	NA	NA	NA	NA	NA	NA	NA	NA	NA	NA	NA	NA	NA	NA	NA	NA	NA	NA	NA	NA	NA	0	54	0	0	2	NA	NA	NA	NA	NA	NA	NA	NA	NA	NA	NA	NA	NA	NA	NA	NA	NA	NA	NA	NA	NA	NA	NA
go	2.843016069	97.15698393	0.085689803	90.53127678	9.383033419	3.164556962	80.37974684	16.4556962	0	0	93.03482587	6.965174129	0	81.81818182	18.18181818	0	0	NA	NA	NA	NA	NA	NA	NA	NA	NA	NA	NA	23	786	2	2113	219	10	254	52	0	0	187	14	0	9	2	0	0	NA	NA	NA	NA	NA	NA	NA	NA	NA	NA	NA
gr	1.153077901	98.8469221	4.927353127	86.73404927	8.338597599	1.386748844	70.10785824	27.27272727	1.232665639	0.769230769	69.23076923	30	0	0	96.875	3.125	0	NA	NA	NA	NA	NA	NA	NA	NA	NA	NA	NA	127	10887	78	1373	132	9	455	177	8	1	90	39	0	0	31	1	0	NA	NA	NA	NA	NA	NA	NA	NA	NA	NA	NA
gu	8.636626228	91.36337377	1.135802469	94.96296296	3.901234568	0.172711572	79.79274611	20.03454231	0	1.666666667	41.66666667	56.66666667	0	NA	NA	NA	NA	NA	NA	NA	NA	NA	NA	NA	NA	NA	NA	NA	299	3163	23	1923	79	1	462	116	0	1	25	34	0	NA	NA	NA	NA	NA	NA	NA	NA	NA	NA	NA	NA	NA	NA	NA
ha	80	20	17.74193548	40.32258065	41.93548387	0	100	0	0	0	100	0	0	NA	NA	NA	NA	NA	NA	NA	NA	NA	NA	NA	NA	NA	NA	NA	8	2	11	25	26	0	2	0	0	0	33	0	0	NA	NA	NA	NA	NA	NA	NA	NA	NA	NA	NA	NA	NA	NA	NA
he	78.57142857	21.42857143	0	32	68	0	100	0	0	NA	NA	NA	NA	NA	NA	NA	NA	NA	NA	NA	NA	NA	NA	NA	NA	NA	NA	NA	22	6	0	8	17	0	3	0	0	NA	NA	NA	NA	NA	NA	NA	NA	NA	NA	NA	NA	NA	NA	NA	NA	NA	NA	NA
hi	0	100	NA	NA	NA	0	100	0	0	0	100	0	0	NA	NA	NA	NA	NA	NA	NA	NA	NA	NA	NA	NA	NA	NA	NA	0	111	NA	NA	NA	0	20	0	0	0	1	0	0	NA	NA	NA	NA	NA	NA	NA	NA	NA	NA	NA	NA	NA	NA	NA
ho	0	100	0	33.33333333	66.66666667	0	75	25	0	NA	NA	NA	NA	NA	NA	NA	NA	NA	NA	NA	NA	NA	NA	NA	NA	NA	NA	NA	0	78	0	16	32	0	6	2	0	NA	NA	NA	NA	NA	NA	NA	NA	NA	NA	NA	NA	NA	NA	NA	NA	NA	NA	NA
hu	0	100	0	100	0	NA	NA	NA	NA	NA	NA	NA	NA	NA	NA	NA	NA	NA	NA	NA	NA	NA	NA	NA	NA	NA	NA	NA	0	8	0	66	0	NA	NA	NA	NA	NA	NA	NA	NA	NA	NA	NA	NA	NA	NA	NA	NA	NA	NA	NA	NA	NA	NA	NA
ia	80	20	0	96.42857143	3.571428571	0	100	0	0	NA	NA	NA	NA	NA	NA	NA	NA	NA	NA	NA	NA	NA	NA	NA	NA	NA	NA	NA	4	1	0	27	1	0	17	0	0	NA	NA	NA	NA	NA	NA	NA	NA	NA	NA	NA	NA	NA	NA	NA	NA	NA	NA	NA
ib	0	100	0	60	40	0	27.77777778	72.22222222	0	NA	NA	NA	NA	NA	NA	NA	NA	NA	NA	NA	NA	0	100	0	NA	NA	NA	NA	0	3	0	24	16	0	5	13	0	NA	NA	NA	NA	NA	NA	NA	NA	NA	NA	NA	NA	0	1	0	NA	NA	NA	NA
ic	11.11111111	88.88888889	0	100	0	NA	NA	NA	NA	0	100	0	0	0	73.33333333	26.66666667	0	NA	NA	NA	NA	NA	NA	NA	NA	NA	NA	NA	2	16	0	11	0	NA	NA	NA	NA	0	3	0	0	0	11	4	0	NA	NA	NA	NA	NA	NA	NA	NA	NA	NA	NA
id	11.76470588	88.23529412	0.164473684	94.90131579	4.934210526	31.59144893	46.43705463	21.97149644	0	2.747252747	63.73626374	33.51648352	0	0.331125828	77.48344371	19.53642384	2.649006623	0	66.66666667	33.33333333	0	NA	NA	NA	100	NA	NA	NA	2	15	2	1154	60	266	391	185	0	5	116	61	0	1	234	59	8	0	36	18	0	NA	NA	NA	2	NA	NA	NA
ie	0	100	0	100	0	0	87.5	12.5	0	NA	NA	NA	NA	NA	NA	NA	NA	NA	NA	NA	NA	NA	NA	NA	NA	NA	NA	NA	0	2325	0	4	0	0	7	1	0	NA	NA	NA	NA	NA	NA	NA	NA	NA	NA	NA	NA	NA	NA	NA	NA	NA	NA	NA
if	NA	NA	NA	NA	NA	NA	NA	NA	NA	0	100	0	0	NA	NA	NA	NA	NA	NA	NA	NA	NA	NA	NA	NA	NA	NA	NA	NA	NA	NA	NA	NA	NA	NA	NA	NA	0	1	0	0	NA	NA	NA	NA	NA	NA	NA	NA	NA	NA	NA	NA	NA	NA	NA
ig	0	100	2.272727273	96.81818182	0.909090909	0.355871886	76.15658363	23.48754448	0	0	16.66666667	83.33333333	0	0	100	0	0	NA	NA	NA	NA	NA	NA	NA	NA	NA	NA	NA	0	22	5	213	2	1	214	66	0	0	1	5	0	0	1	0	0	NA	NA	NA	NA	NA	NA	NA	NA	NA	NA	NA
ik	0	100	0	100	0	0	100	0	0	NA	NA	NA	NA	NA	NA	NA	NA	NA	NA	NA	NA	NA	NA	NA	NA	NA	NA	NA	0	2	0	3	0	0	1	0	0	NA	NA	NA	NA	NA	NA	NA	NA	NA	NA	NA	NA	NA	NA	NA	NA	NA	NA	NA
il	5.263157895	94.73684211	1.886792453	95.75471698	2.358490566	2.771855011	71.21535181	26.01279318	0	6.569343066	74.81751825	14.96350365	3.649635036	7.936507937	73.01587302	19.04761905	0	0	66.66666667	33.33333333	0	NA	NA	NA	NA	NA	NA	NA	1	18	4	203	5	13	334	122	0	18	205	41	10	5	46	12	0	0	2	1	0	NA	NA	NA	NA	NA	NA	NA
im	0	100	2.10258044	94.99840714	2.899012424	1.475133464	81.65214948	16.63388592	0.238831132	1.161598907	70.82336864	27.81004441	0.204988042	6.56779661	64.72457627	28.70762712	0	29.23076923	63.07692308	7.692307692	0	25	50	25	100	NA	NA	NA	0	7	66	2982	91	105	5812	1184	17	34	2073	814	6	62	611	271	0	19	41	5	0	1	2	1	3	NA	NA	NA
in	0.109345855	99.89065415	1.488362801	95.39506543	3.116571771	3.097463284	83.23631509	13.62883845	0.037383178	1.821578702	83.42830453	14.46987389	0.280242877	1.293204797	65.24806019	33.22360687	0.235128145	12.35955056	56.92883895	30.71161049	0	39.39393939	45.45454545	15.15151515	100	NA	NA	NA	17	15530	298	19100	624	580	15586	2552	7	195	8931	1549	30	55	2775	1413	10	66	304	164	0	13	15	5	6	NA	NA	NA
io	0	100	0	59.09090909	40.90909091	0	100	0	0	0	50	50	0	NA	NA	NA	NA	NA	NA	NA	NA	NA	NA	NA	NA	NA	NA	NA	0	3434	0	13	9	0	1	0	0	0	1	1	0	NA	NA	NA	NA	NA	NA	NA	NA	NA	NA	NA	NA	NA	NA	NA
ip	0	100	0	50	50	0.524475524	10.31468531	89.16083916	0	0.448430493	77.13004484	22.42152466	0	0	54.28571429	45.71428571	0	20	20	60	0	0	100	0	100	NA	NA	NA	0	3	0	14	14	3	59	510	0	1	172	50	0	0	19	16	0	2	2	6	0	0	1	0	1	NA	NA	NA
ir	59.90990991	40.09009009	1.666666667	90.55555556	7.777777778	1.729106628	82.13256484	15.99423631	0.144092219	0	92.47787611	7.522123894	0	15.30054645	4.644808743	80.05464481	0	12.35955056	47.19101124	40.4494382	0	0	100	0	NA	NA	NA	NA	133	89	3	163	14	12	570	111	1	0	209	17	0	56	17	293	0	11	42	36	0	0	1	0	NA	NA	NA	NA
is	9.230769231	90.76923077	4.618473896	59.53815261	35.84337349	0.475624257	89.06064209	10.46373365	0	0.543478261	94.70108696	4.755434783	0	0	97.28506787	2.714932127	0	0	100	0	0	16.66666667	83.33333333	0	NA	NA	NA	NA	6	59	46	593	357	8	1498	176	0	4	697	35	0	0	215	6	0	0	6	0	0	1	5	0	NA	NA	NA	NA
it	7.692307692	92.30769231	0.142045455	97.69176136	2.166193182	0	97.80526736	2.194732642	0	1.063829787	96.80851064	2.127659574	0	0	100	0	0	0	100	0	0	0	100	0	NA	NA	NA	NA	3	36	4	2751	61	0	2451	55	0	1	91	2	0	0	5	0	0	0	1	0	0	0	7	0	NA	NA	NA	NA
iu	NA	NA	NA	NA	NA	0	100	0	0	NA	NA	NA	NA	NA	NA	NA	NA	NA	NA	NA	NA	NA	NA	NA	NA	NA	NA	NA	NA	NA	NA	NA	NA	0	42	0	0	NA	NA	NA	NA	NA	NA	NA	NA	NA	NA	NA	NA	NA	NA	NA	NA	NA	NA	NA
iv	0	100	0	100	0	NA	NA	NA	NA	NA	NA	NA	NA	NA	NA	NA	NA	NA	NA	NA	NA	NA	NA	NA	NA	NA	NA	NA	0	59	0	67	0	NA	NA	NA	NA	NA	NA	NA	NA	NA	NA	NA	NA	NA	NA	NA	NA	NA	NA	NA	NA	NA	NA	NA
iz	0	100	NA	NA	NA	NA	NA	NA	NA	NA	NA	NA	NA	NA	NA	NA	NA	NA	NA	NA	NA	NA	NA	NA	NA	NA	NA	NA	0	2	NA	NA	NA	NA	NA	NA	NA	NA	NA	NA	NA	NA	NA	NA	NA	NA	NA	NA	NA	NA	NA	NA	NA	NA	NA	NA
ja	0	100	0	64.28571429	35.71428571	0	50	50	0	0	0	100	0	NA	NA	NA	NA	NA	NA	NA	NA	NA	NA	NA	NA	NA	NA	NA	0	4	0	27	15	0	4	4	0	0	0	1	0	NA	NA	NA	NA	NA	NA	NA	NA	NA	NA	NA	NA	NA	NA	NA
je	0	100	0	0	100	0	100	0	0	NA	NA	NA	NA	NA	NA	NA	NA	NA	NA	NA	NA	NA	NA	NA	NA	NA	NA	NA	0	4	0	0	24	0	20	0	0	NA	NA	NA	NA	NA	NA	NA	NA	NA	NA	NA	NA	NA	NA	NA	NA	NA	NA	NA
ji	0	100	NA	NA	NA	NA	NA	NA	NA	NA	NA	NA	NA	NA	NA	NA	NA	NA	NA	NA	NA	NA	NA	NA	NA	NA	NA	NA	0	15	NA	NA	NA	NA	NA	NA	NA	NA	NA	NA	NA	NA	NA	NA	NA	NA	NA	NA	NA	NA	NA	NA	NA	NA	NA	NA
jo	0	100	0	100	0	0	100	0	0	NA	NA	NA	NA	NA	NA	NA	NA	NA	NA	NA	NA	NA	NA	NA	NA	NA	NA	NA	0	3	0	3	0	0	26	0	0	NA	NA	NA	NA	NA	NA	NA	NA	NA	NA	NA	NA	NA	NA	NA	NA	NA	NA	NA
ju	0	100	0	96.73202614	3.267973856	0	100	0	0	NA	NA	NA	NA	NA	NA	NA	NA	NA	NA	NA	NA	NA	NA	NA	NA	NA	NA	NA	0	264	0	148	5	0	115	0	0	NA	NA	NA	NA	NA	NA	NA	NA	NA	NA	NA	NA	NA	NA	NA	NA	NA	NA	NA
ka	41.37931034	58.62068966	45.71428571	20	34.28571429	0	73.58490566	26.41509434	0	NA	NA	NA	NA	NA	NA	NA	NA	NA	NA	NA	NA	NA	NA	NA	NA	NA	NA	NA	36	51	16	7	12	0	39	14	0	NA	NA	NA	NA	NA	NA	NA	NA	NA	NA	NA	NA	NA	NA	NA	NA	NA	NA	NA
ke	4.545454545	95.45454545	0	25	75	0	83.33333333	16.66666667	0	0	0	100	0	NA	NA	NA	NA	NA	NA	NA	NA	NA	NA	NA	NA	NA	NA	NA	1	21	0	23	69	0	5	1	0	0	0	1	0	NA	NA	NA	NA	NA	NA	NA	NA	NA	NA	NA	NA	NA	NA	NA
kh	0	100	NA	NA	NA	NA	NA	NA	NA	NA	NA	NA	NA	NA	NA	NA	NA	NA	NA	NA	NA	NA	NA	NA	NA	NA	NA	NA	0	1	NA	NA	NA	NA	NA	NA	NA	NA	NA	NA	NA	NA	NA	NA	NA	NA	NA	NA	NA	NA	NA	NA	NA	NA	NA	NA
ki	68.18181818	31.81818182	0	90.90909091	9.090909091	0	75	25	0	0	100	0	0	0	100	0	0	NA	NA	NA	NA	NA	NA	NA	NA	NA	NA	NA	15	7	0	10	1	0	3	1	0	0	1	0	0	0	1	0	0	NA	NA	NA	NA	NA	NA	NA	NA	NA	NA	NA
ko	NA	NA	4.761904762	66.66666667	28.57142857	NA	NA	NA	NA	NA	NA	NA	NA	NA	NA	NA	NA	NA	NA	NA	NA	NA	NA	NA	NA	NA	NA	NA	NA	NA	1	14	6	NA	NA	NA	NA	NA	NA	NA	NA	NA	NA	NA	NA	NA	NA	NA	NA	NA	NA	NA	NA	NA	NA	NA
ku	NA	NA	90.90909091	0	9.090909091	NA	NA	NA	NA	NA	NA	NA	NA	NA	NA	NA	NA	NA	NA	NA	NA	NA	NA	NA	NA	NA	NA	NA	NA	NA	40	0	4	NA	NA	NA	NA	NA	NA	NA	NA	NA	NA	NA	NA	NA	NA	NA	NA	NA	NA	NA	NA	NA	NA	NA
l'	0	100	28.20512821	64.1025641	7.692307692	0	95.55555556	4.444444444	0	0	95.45454545	4.545454545	0	0	100	0	0	NA	NA	NA	NA	NA	NA	NA	NA	NA	NA	NA	0	6	22	50	6	0	43	2	0	0	21	1	0	0	1	0	0	NA	NA	NA	NA	NA	NA	NA	NA	NA	NA	NA
la	10.35769829	89.64230171	1.264869749	87.27601265	11.4591176	1.009615385	84.23076923	14.61538462	0.144230769	0.143884892	90.07194245	9.496402878	0.287769784	0	83.33333333	16.66666667	0	0	50	50	0	0	100	0	NA	NA	NA	NA	333	2882	84	5796	761	21	1752	304	3	1	626	66	2	0	5	1	0	0	1	1	0	0	5	0	NA	NA	NA	NA
le	1.128557409	98.87144259	0.887850467	73.71495327	25.39719626	2.857142857	81.84331797	15.11520737	0.184331797	5.291005291	93.82716049	0.705467372	0.176366843	0	100	0	0	NA	NA	NA	NA	NA	NA	NA	NA	NA	NA	NA	46	4030	38	3155	1087	31	888	164	2	30	532	4	1	0	55	0	0	NA	NA	NA	NA	NA	NA	NA	NA	NA	NA	NA
li	0.624837282	99.37516272	9.860641892	38.07010135	52.06925676	1.641414141	90.02525253	6.186868687	2.146464646	2.232142857	87.5	10.26785714	0	0	83.33333333	16.66666667	0	0	93.33333333	6.666666667	0	0	16.66666667	83.33333333	NA	NA	NA	NA	24	3817	467	1803	2466	26	1426	98	34	10	392	46	0	0	15	3	0	0	28	2	0	0	3	15	NA	NA	NA	NA
ll	0	100	NA	NA	NA	NA	NA	NA	NA	NA	NA	NA	NA	NA	NA	NA	NA	NA	NA	NA	NA	NA	NA	NA	NA	NA	NA	NA	0	1	NA	NA	NA	NA	NA	NA	NA	NA	NA	NA	NA	NA	NA	NA	NA	NA	NA	NA	NA	NA	NA	NA	NA	NA	NA	NA
lo	0.221680337	99.77831966	0.120772947	90.4589372	9.420289855	18.52517986	74.46043165	6.834532374	0.179856115	0	80.37383178	19.62616822	0	0	94.11764706	5.882352941	0	0	33.33333333	66.66666667	0	NA	NA	NA	NA	NA	NA	NA	10	4501	3	2247	234	103	414	38	1	0	86	21	0	0	16	1	0	0	1	2	0	NA	NA	NA	NA	NA	NA	NA
lt	NA	NA	0	100	0	NA	NA	NA	NA	NA	NA	NA	NA	NA	NA	NA	NA	NA	NA	NA	NA	NA	NA	NA	NA	NA	NA	NA	NA	NA	0	2	0	NA	NA	NA	NA	NA	NA	NA	NA	NA	NA	NA	NA	NA	NA	NA	NA	NA	NA	NA	NA	NA	NA	NA
lu	0.241725549	99.75827445	19.44255608	71.3800136	9.17743032	6.611570248	85.12396694	8.05785124	0.20661157	17	69	14	0	0	100	0	0	NA	NA	NA	NA	NA	NA	NA	NA	NA	NA	NA	13	5365	286	1050	135	32	412	39	1	17	69	14	0	0	4	0	0	NA	NA	NA	NA	NA	NA	NA	NA	NA	NA	NA
ly	0	100	NA	NA	NA	NA	NA	NA	NA	NA	NA	NA	NA	NA	NA	NA	NA	NA	NA	NA	NA	NA	NA	NA	NA	NA	NA	NA	0	19	NA	NA	NA	NA	NA	NA	NA	NA	NA	NA	NA	NA	NA	NA	NA	NA	NA	NA	NA	NA	NA	NA	NA	NA	NA	NA
ma	6.051469041	93.94853096	2.434361458	79.20596482	18.35967372	1.967023431	89.78883425	8.171825282	0.072317038	1.777485188	81.63265306	16.52402897	0.065832785	1.941747573	92.47572816	5.582524272	0	0	77.77777778	22.22222222	0	NA	NA	NA	NA	NA	NA	NA	863	13398	382	12429	2881	136	6208	565	5	27	1240	251	1	8	381	23	0	0	14	4	0	NA	NA	NA	NA	NA	NA	NA
mc	NA	NA	0	100	0	NA	NA	NA	NA	NA	NA	NA	NA	NA	NA	NA	NA	NA	NA	NA	NA	NA	NA	NA	NA	NA	NA	NA	NA	NA	0	7	0	NA	NA	NA	NA	NA	NA	NA	NA	NA	NA	NA	NA	NA	NA	NA	NA	NA	NA	NA	NA	NA	NA	NA
me	4.427906977	95.57209302	1.265173534	53.32535476	45.4094717	11.43055074	66.78212678	20.15933495	1.62798753	0	73.55263158	25.92105263	0.526315789	1.453488372	46.51162791	52.03488372	0	0	40.81632653	59.18367347	0	0	100	0	100	NA	NA	NA	714	15411	74	3119	2656	330	1928	582	47	0	559	197	4	5	160	179	0	0	20	29	0	0	1	0	1	NA	NA	NA
mi	3.147893773	96.85210623	0.367197062	91.31908483	8.313718106	0.342917436	85.51833289	14.05961488	0.079134793	0.325203252	74.47154472	25.20325203	0	0.961538462	83.65384615	15.38461538	0	14.63414634	80.48780488	4.87804878	0	0	0	100	100	NA	NA	NA	275	8461	39	9699	883	13	3242	533	3	2	458	155	0	1	87	16	0	6	33	2	0	0	0	1	6	NA	NA	NA
mn	NA	NA	NA	NA	NA	0	0	100	0	NA	NA	NA	NA	NA	NA	NA	NA	NA	NA	NA	NA	NA	NA	NA	NA	NA	NA	NA	NA	NA	NA	NA	NA	0	0	6	0	NA	NA	NA	NA	NA	NA	NA	NA	NA	NA	NA	NA	NA	NA	NA	NA	NA	NA	NA
mo	0.966153846	99.03384615	1.76922221	86.84766886	11.38310894	7.449950771	75.18871021	17.32851986	0.032819166	1.461988304	83.72319688	11.69590643	3.118908382	1.675977654	79.32960894	18.99441341	0	0	100	0	0	NA	NA	NA	NA	NA	NA	NA	157	16093	159	7805	1023	227	2291	528	1	15	859	120	32	3	142	34	0	0	21	0	0	NA	NA	NA	NA	NA	NA	NA
mu	1.252086811	98.74791319	1.605758583	41.80509413	56.58914729	0.197628458	95.256917	4.545454545	0	4.324324324	84.86486486	10.81081081	0	2.816901408	88.73239437	8.450704225	0	8.695652174	91.30434783	0	0	0	0	100	NA	NA	NA	NA	15	1183	29	755	1022	2	964	46	0	8	157	20	0	2	63	6	0	2	21	0	0	0	0	1	NA	NA	NA	NA
na	0.492853622	99.50714638	2.141527002	66.48044693	31.37802607	0.687442713	89.87167736	9.303391384	0.137488543	3.560830861	91.69139466	4.648862512	0.098911968	4.081632653	36.73469388	59.18367347	0	0	100	0	0	0	100	0	NA	NA	NA	NA	10	2019	69	2142	1011	15	1961	203	3	36	927	47	1	2	18	29	0	0	8	0	0	0	2	0	NA	NA	NA	NA
ne	21.8710493	78.1289507	0.115074799	98.89528193	0.989643268	17.51662971	77.99334812	4.490022173	0	3.157894737	62.10526316	31.57894737	3.157894737	0	92.20779221	7.792207792	0	0	91.30434783	8.695652174	0	0	66.66666667	33.33333333	100	NA	NA	NA	519	1854	5	4297	43	316	1407	81	0	6	118	60	6	0	142	12	0	0	21	2	0	0	2	1	2	NA	NA	NA
ni	0.656598818	99.34340118	9.719222462	81.42548596	8.855291577	0	84.18367347	15.81632653	0	0	63.15789474	15.78947368	21.05263158	0	50	50	0	NA	NA	NA	NA	NA	NA	NA	NA	NA	NA	NA	10	1513	45	377	41	0	165	31	0	0	12	3	4	0	2	2	0	NA	NA	NA	NA	NA	NA	NA	NA	NA	NA	NA
no	1.429805201	98.5701948	11.00791194	75.40419677	13.5878913	4.507936508	80.19047619	15.3015873	0	0	86.97478992	13.02521008	0	0	85.71428571	14.28571429	0	0	0	100	0	NA	NA	NA	NA	NA	NA	NA	149	10272	320	2192	395	71	1263	241	0	0	207	31	0	0	36	6	0	0	0	2	0	NA	NA	NA	NA	NA	NA	NA
nu	0.030506406	99.96949359	1.732991014	12.06675225	86.20025674	0	93.30601093	6.693989071	0	0	93.10344828	6.896551724	0	0	75	25	0	NA	NA	NA	NA	NA	NA	NA	NA	NA	NA	NA	2	6554	27	188	1343	0	683	49	0	0	27	2	0	0	3	1	0	NA	NA	NA	NA	NA	NA	NA	NA	NA	NA	NA
ny	0	100	NA	NA	NA	NA	NA	NA	NA	NA	NA	NA	NA	NA	NA	NA	NA	NA	NA	NA	NA	NA	NA	NA	NA	NA	NA	NA	0	4	NA	NA	NA	NA	NA	NA	NA	NA	NA	NA	NA	NA	NA	NA	NA	NA	NA	NA	NA	NA	NA	NA	NA	NA	NA	NA
o'	NA	NA	0	0	100	NA	NA	NA	NA	NA	NA	NA	NA	NA	NA	NA	NA	NA	NA	NA	NA	NA	NA	NA	NA	NA	NA	NA	NA	NA	0	0	4	NA	NA	NA	NA	NA	NA	NA	NA	NA	NA	NA	NA	NA	NA	NA	NA	NA	NA	NA	NA	NA	NA	NA
oa	NA	NA	0	0	100	NA	NA	NA	NA	NA	NA	NA	NA	NA	NA	NA	NA	NA	NA	NA	NA	NA	NA	NA	NA	NA	NA	NA	NA	NA	0	0	26	NA	NA	NA	NA	NA	NA	NA	NA	NA	NA	NA	NA	NA	NA	NA	NA	NA	NA	NA	NA	NA	NA	NA
ob	100	0	5.017921147	17.56272401	77.41935484	1.950585176	97.26918075	0.260078023	0.520156047	7.857142857	86.42857143	5.714285714	0	17.14285714	82.85714286	0	0	0	100	0	0	NA	NA	NA	NA	NA	NA	NA	7	0	14	49	216	15	748	2	4	11	121	8	0	6	29	0	0	0	10	0	0	NA	NA	NA	NA	NA	NA	NA
oc	0	100	0.529661017	84.53389831	14.93644068	1.932633904	87.18939812	8.061844285	2.816123689	0	88.27160494	11.72839506	0	0	90.90909091	9.090909091	0	0	100	0	0	0	100	0	NA	NA	NA	NA	0	1421	5	798	141	35	1579	146	51	0	429	57	0	0	30	3	0	0	2	0	0	0	1	0	NA	NA	NA	NA
od	4.347826087	95.65217391	0.301204819	95.78313253	3.915662651	4.444444444	86.66666667	8.888888889	0	0	100	0	0	0	40	60	0	NA	NA	NA	NA	NA	NA	NA	100	NA	NA	NA	7	154	1	318	13	2	39	4	0	0	2	0	0	0	4	6	0	NA	NA	NA	NA	NA	NA	NA	1	NA	NA	NA
of	6.772908367	93.22709163	1.125895599	92.11873081	6.755373593	0	78.08219178	21.91780822	0	16.66666667	16.66666667	66.66666667	0	0	0	100	0	NA	NA	NA	NA	NA	NA	NA	NA	NA	NA	NA	17	234	11	900	66	0	171	48	0	1	1	4	0	0	0	1	0	NA	NA	NA	NA	NA	NA	NA	NA	NA	NA	NA
og	0.034716195	99.9652838	0.124688279	99.87531172	0	0	100	0	0	40	40	20	0	0	100	0	0	NA	NA	NA	NA	NA	NA	NA	NA	NA	NA	NA	2	5759	1	801	0	0	59	0	0	6	6	3	0	0	16	0	0	NA	NA	NA	NA	NA	NA	NA	NA	NA	NA	NA
oh	100	0	NA	NA	NA	NA	NA	NA	NA	NA	NA	NA	NA	NA	NA	NA	NA	NA	NA	NA	NA	NA	NA	NA	NA	NA	NA	NA	2	0	NA	NA	NA	NA	NA	NA	NA	NA	NA	NA	NA	NA	NA	NA	NA	NA	NA	NA	NA	NA	NA	NA	NA	NA	NA	NA
ok	NA	NA	0	100	0	100	0	0	0	NA	NA	NA	NA	NA	NA	NA	NA	NA	NA	NA	NA	NA	NA	NA	NA	NA	NA	NA	NA	NA	0	23	0	1	0	0	0	NA	NA	NA	NA	NA	NA	NA	NA	NA	NA	NA	NA	NA	NA	NA	NA	NA	NA	NA
ol	0.197550375	99.80244962	3.105590062	90.99378882	5.900621118	0	71.39689579	28.60310421	0	0	32.75862069	67.24137931	0	0	24.24242424	75.75757576	0	0	100	0	0	NA	NA	NA	NA	NA	NA	NA	5	2526	10	293	19	0	322	129	0	0	38	78	0	0	8	25	0	0	10	0	0	NA	NA	NA	NA	NA	NA	NA
om	0	100	4.276315789	93.42105263	2.302631579	0	87.12686567	12.87313433	0	8.695652174	28.98550725	62.31884058	0	19.07894737	76.31578947	4.605263158	0	0	100	0	0	NA	NA	NA	NA	NA	NA	NA	0	347	13	284	7	0	467	69	0	6	20	43	0	29	116	7	0	0	4	0	0	NA	NA	NA	NA	NA	NA	NA
on	0	100	8.937605396	82.79932546	8.26306914	0.657894737	73.02631579	26.31578947	0	0	33.13953488	66.86046512	0	11.11111111	88.88888889	0	0	0	0	100	0	NA	NA	NA	NA	NA	NA	NA	0	645	53	491	49	1	111	40	0	0	57	115	0	2	16	0	0	0	0	1	0	NA	NA	NA	NA	NA	NA	NA
op	22.44897959	77.55102041	0.348432056	55.55002489	44.10154306	0.401606426	92.06827309	3.614457831	3.915662651	9.354604786	88.90500363	1.740391588	0	16.66666667	83.33333333	0	0	0	100	0	0	NA	NA	NA	NA	NA	NA	NA	11	38	7	1116	886	4	917	36	39	129	1226	24	0	4	20	0	0	0	2	0	0	NA	NA	NA	NA	NA	NA	NA
or	0.11146201	99.88853799	0.902527076	70.37132543	28.7261475	0.383877159	69.72168906	29.60652591	0.287907869	0.35971223	96.4028777	3.147482014	0.089928058	4.230118443	93.23181049	2.538071066	0	0	87.5	12.5	0	NA	NA	NA	NA	NA	NA	NA	6	5377	35	2729	1114	8	1453	617	6	4	1072	35	1	25	551	15	0	0	7	1	0	NA	NA	NA	NA	NA	NA	NA
os	4.166666667	95.83333333	3.829787234	61.27659574	34.89361702	6.163141994	77.52265861	15.40785498	0.906344411	5.762081784	84.75836431	8.178438662	1.301115242	0	91.66666667	8.333333333	0	0	100	0	0	0	66.66666667	33.33333333	NA	NA	NA	NA	17	391	45	720	410	102	1283	255	15	31	456	44	7	0	22	2	0	0	3	0	0	0	2	1	NA	NA	NA	NA
ot	0.239808153	99.76019185	1.243339254	66.87388988	31.88277087	0.166389351	97.00499168	2.828618968	0	0	76.37795276	23.62204724	0	0	100	0	0	0	100	0	0	NA	NA	NA	100	0	100	NA	1	416	14	753	359	2	1166	34	0	0	97	30	0	0	11	0	0	0	3	0	0	NA	NA	NA	1	0	1	NA
ov	0.816326531	99.18367347	0.977198697	96.09120521	2.931596091	0	99.29824561	0.701754386	0	0	100	0	0	NA	NA	NA	NA	NA	NA	NA	NA	NA	NA	NA	NA	NA	NA	NA	2	243	3	295	9	0	283	2	0	0	8	0	0	NA	NA	NA	NA	NA	NA	NA	NA	NA	NA	NA	NA	NA	NA	NA
ox	0	100	0	100	0	0	100	0	0	NA	NA	NA	NA	NA	NA	NA	NA	NA	NA	NA	NA	NA	NA	NA	NA	NA	NA	NA	0	31	0	4	0	0	1	0	0	NA	NA	NA	NA	NA	NA	NA	NA	NA	NA	NA	NA	NA	NA	NA	NA	NA	NA	NA
oz	0	100	0	100	0	NA	NA	NA	NA	0	100	0	0	NA	NA	NA	NA	NA	NA	NA	NA	NA	NA	NA	NA	NA	NA	NA	0	9	0	53	0	NA	NA	NA	NA	0	5	0	0	NA	NA	NA	NA	NA	NA	NA	NA	NA	NA	NA	NA	NA	NA	NA
pa	4.698672114	95.30132789	1.429916177	88.07656103	10.49352279	1.446977205	86.4222002	12.05153617	0.079286422	0.609560475	84.44016683	13.37824832	1.572024382	3.172413793	85.37931034	11.44827586	0	0	72	28	0	0	75	25	100	NA	NA	NA	644	13062	319	19649	2341	73	4360	608	4	19	2632	417	49	23	619	83	0	0	18	7	0	0	6	2	1	NA	NA	NA
pe	62.94642857	37.05357143	0.747084548	87.25400875	11.99890671	2.05386553	63.96047278	33.79190079	0.193760899	10.39426523	76.65130568	12.64720942	0.307219662	21.18644068	71.18644068	6.779661017	0.847457627	0	100	0	0	NA	NA	NA	NA	NA	NA	NA	8742	5146	82	9577	1317	106	3301	1744	10	203	1497	247	6	25	84	8	1	0	54	0	0	NA	NA	NA	NA	NA	NA	NA
ph	NA	NA	NA	NA	NA	NA	NA	NA	NA	NA	NA	NA	NA	0	0	100	0	NA	NA	NA	NA	NA	NA	NA	NA	NA	NA	NA	NA	NA	NA	NA	NA	NA	NA	NA	NA	NA	NA	NA	NA	0	0	1	0	NA	NA	NA	NA	NA	NA	NA	NA	NA	NA	NA
pi	1.737003058	98.26299694	0.467016929	61.92352598	37.60945709	0	78.11059908	21.88940092	0	0	69.78021978	30.21978022	0	0	54.54545455	45.45454545	0	0	100	0	0	NA	NA	NA	NA	NA	NA	NA	142	8033	32	4243	2577	0	1017	285	0	0	127	55	0	0	18	15	0	0	2	0	0	NA	NA	NA	NA	NA	NA	NA
pl	0.757575758	99.24242424	5.442176871	51.92743764	42.63038549	12.08053691	57.71812081	30.20134228	0	6.060606061	72.72727273	21.21212121	0	0	100	0	0	0	83.33333333	16.66666667	0	NA	NA	NA	NA	NA	NA	NA	1	131	24	229	188	18	86	45	0	2	24	7	0	0	24	0	0	0	5	1	0	NA	NA	NA	NA	NA	NA	NA
pn	NA	NA	NA	NA	NA	0	6	94	0	0	100	0	0	NA	NA	NA	NA	NA	NA	NA	NA	NA	NA	NA	NA	NA	NA	NA	NA	NA	NA	NA	NA	0	3	47	0	0	1	0	0	NA	NA	NA	NA	NA	NA	NA	NA	NA	NA	NA	NA	NA	NA	NA
po	8.89430399	91.10569601	1.443832415	76.63995994	21.91620764	0.190038008	47.4794959	52.33046609	0	46.61190965	42.23134839	11.15674196	0	0	92.10526316	7.894736842	0	0	76.92307692	23.07692308	0	NA	NA	NA	NA	100	0	NA	1460	14955	173	9183	2626	19	4747	5232	0	681	617	163	0	0	105	9	0	0	10	3	0	NA	NA	NA	NA	1	0	NA
ps	0	100	0	37.09677419	62.90322581	0	12.32227488	87.67772512	0	0	31.92982456	68.07017544	0	1.123595506	64.04494382	34.83146067	0	0	63.63636364	36.36363636	0	0	100	0	NA	NA	NA	NA	0	26	0	46	78	0	26	185	0	0	91	194	0	1	57	31	0	0	14	8	0	0	1	0	NA	NA	NA	NA
pu	2.405832321	97.59416768	0.710713346	43.24822322	56.04106344	15.41010771	80.03314002	4.05965203	0.497100249	1.028277635	96.9151671	1.799485861	0.257069409	0	84	16	0	NA	NA	NA	NA	NA	NA	NA	NA	NA	NA	NA	99	4016	27	1643	2129	186	966	49	6	4	377	7	1	0	21	4	0	NA	NA	NA	NA	NA	NA	NA	NA	NA	NA	NA
qu	0.285438442	99.71456156	13.72467098	81.63776896	4.637560058	0.349162011	60.89385475	38.75698324	0	3.436426117	88.65979381	7.560137457	0.343642612	0	84.68468468	15.31531532	0	0	50	50	0	0	100	0	NA	100	0	100	136	47510	657	3908	222	5	872	555	0	10	258	22	1	0	94	17	0	0	7	7	0	0	1	0	NA	1	0	1
ra	6.502135738	93.49786426	2.055131676	94.17917795	3.765690377	2.571711177	79.08011869	18.32344214	0.024727992	1.429300664	83.25676365	15.31393568	0	0.34965035	87.41258741	12.23776224	0	10.81081081	81.08108108	8.108108108	0	NA	NA	NA	NA	NA	NA	NA	137	1970	167	7653	306	104	3198	741	1	28	1631	300	0	1	250	35	0	4	30	3	0	NA	NA	NA	NA	NA	NA	NA
re	3.643031785	96.35696822	17.17520858	60.75089392	22.0738975	0.728818706	78.83389007	19.70847252	0.728818706	2.485601697	77.84177023	19.36950591	0.303122158	49.92867332	46.64764622	3.281027104	0.142653352	2.272727273	93.18181818	4.545454545	0	0	100	0	NA	NA	NA	NA	149	3941	1441	5097	1852	48	5192	1298	48	82	2568	639	10	350	327	23	1	1	41	2	0	0	6	0	NA	NA	NA	NA
ri	5.729661285	94.27033871	2.18537415	95.82482993	1.989795918	1.975461504	79.0859973	18.9329131	0.005628095	0.858529302	79.74990668	18.79432624	0.597237775	1.484716157	84.45414847	13.44978166	0.611353712	0	86.72566372	13.27433628	0	0	100	0	NA	NA	NA	NA	181	2978	514	22538	468	351	14052	3364	1	46	4273	1007	32	17	967	154	7	0	98	15	0	0	7	0	NA	NA	NA	NA
ro	0.790603117	99.20939688	2.380165289	90.94214876	6.67768595	0.242424242	79.87878788	19.63636364	0.242424242	2.5	60	37.5	0	0	85.71428571	14.28571429	0	0	100	0	0	NA	NA	NA	NA	NA	NA	NA	35	4392	72	2751	202	2	659	162	2	2	48	30	0	0	6	1	0	0	1	0	0	NA	NA	NA	NA	NA	NA	NA
ru	0.376952073	99.62304793	0.189933523	86.1348528	13.67521368	3.278688525	91.80327869	4.098360656	0.819672131	17.85714286	71.42857143	10.71428571	0	0	100	0	0	NA	NA	NA	NA	NA	NA	NA	NA	NA	NA	NA	7	1850	2	907	144	4	112	5	1	5	20	3	0	0	5	0	0	NA	NA	NA	NA	NA	NA	NA	NA	NA	NA	NA
s'	NA	NA	0	100	0	NA	NA	NA	NA	NA	NA	NA	NA	NA	NA	NA	NA	NA	NA	NA	NA	NA	NA	NA	NA	NA	NA	NA	NA	NA	0	1	0	NA	NA	NA	NA	NA	NA	NA	NA	NA	NA	NA	NA	NA	NA	NA	NA	NA	NA	NA	NA	NA	NA	NA
sa	6.388206388	93.61179361	4.248689987	86.33338054	9.417929472	0.775901415	81.4240073	17.70880876	0.091282519	0	81.15942029	17.39130435	1.449275362	0	81.48148148	18.51851852	0	0	100	0	0	NA	NA	NA	NA	NA	NA	NA	338	4953	300	6096	665	17	1784	388	2	0	280	60	5	0	22	5	0	0	1	0	0	NA	NA	NA	NA	NA	NA	NA
sb	7.943925234	92.05607477	1.592039801	92.039801	6.368159204	0	87.76223776	12.23776224	0	0	65.78947368	34.21052632	0	0	100	0	0	NA	NA	NA	NA	NA	NA	NA	NA	NA	NA	NA	34	394	16	925	64	0	251	35	0	0	25	13	0	0	1	0	0	NA	NA	NA	NA	NA	NA	NA	NA	NA	NA	NA
sc	1.598593907	98.40140609	1.96099793	73.92962196	24.10938011	0.489895897	71.61665646	27.34231476	0.551132884	1.663201663	80.04158004	18.08731809	0.207900208	0	93.10344828	6.896551724	0	0	100	0	0	NA	NA	NA	NA	NA	NA	NA	191	11757	180	6786	2213	16	2339	893	18	8	385	87	1	0	54	4	0	0	2	0	0	NA	NA	NA	NA	NA	NA	NA
sd	3.225806452	96.77419355	0	100	0	0	80	20	0	0	90.90909091	9.090909091	0	0	100	0	0	NA	NA	NA	NA	NA	NA	NA	NA	NA	NA	NA	2	60	0	77	0	0	12	3	0	0	10	1	0	0	1	0	0	NA	NA	NA	NA	NA	NA	NA	NA	NA	NA	NA
se	1.718882726	98.28111727	1.49142431	82.80273045	15.70584524	4.92653414	84.84010372	10.21607606	0.017286085	7.519788918	84.30079156	8.047493404	0.131926121	3.846153846	81.53846154	14.61538462	0	0	66.66666667	33.33333333	0	100	0	0	NA	NA	NA	NA	344	19669	260	14435	2738	285	4908	591	1	114	1278	122	2	5	106	19	0	0	20	10	0	1	0	0	NA	NA	NA	NA
sf	3.810408922	96.18959108	0.716612378	93.15960912	6.123778502	0.636942675	83.43949045	15.92356688	0	0	50	50	0	0	100	0	0	NA	NA	NA	NA	NA	NA	NA	NA	NA	NA	NA	41	1035	11	1430	94	2	262	50	0	0	19	19	0	0	10	0	0	NA	NA	NA	NA	NA	NA	NA	NA	NA	NA	NA
sg	1.346153846	98.65384615	1.298701299	76.94805195	21.75324675	1.315789474	66.44736842	31.57894737	0.657894737	0	58.33333333	41.66666667	0	NA	NA	NA	NA	NA	NA	NA	NA	NA	NA	NA	NA	NA	NA	NA	7	513	4	237	67	2	101	48	1	0	14	10	0	NA	NA	NA	NA	NA	NA	NA	NA	NA	NA	NA	NA	NA	NA	NA
sh	0	100	0	87.5	12.5	NA	NA	NA	NA	NA	NA	NA	NA	NA	NA	NA	NA	NA	NA	NA	NA	NA	NA	NA	NA	NA	NA	NA	0	52	0	14	2	NA	NA	NA	NA	NA	NA	NA	NA	NA	NA	NA	NA	NA	NA	NA	NA	NA	NA	NA	NA	NA	NA	NA
si	19.93355482	80.06644518	0.442477876	69.88295747	29.67456466	0.762994754	81.61659514	17.47734859	0.143061516	2.004008016	88.27655311	8.517034068	1.20240481	0	96.15384615	3.846153846	0	10.86956522	89.13043478	0	0	0	100	0	NA	NA	NA	NA	480	1928	31	4896	2079	32	3423	733	6	20	881	85	12	0	200	8	0	5	41	0	0	0	8	0	NA	NA	NA	NA
sl	0.909090909	99.09090909	2.298850575	95.97701149	1.724137931	0	95.23809524	4.761904762	0	NA	NA	NA	NA	NA	NA	NA	NA	NA	NA	NA	NA	NA	NA	NA	NA	NA	NA	NA	1	109	4	167	3	0	20	1	0	NA	NA	NA	NA	NA	NA	NA	NA	NA	NA	NA	NA	NA	NA	NA	NA	NA	NA	NA
sm	0.34965035	99.65034965	0.868306802	81.62083936	17.51085384	0.483091787	84.5410628	14.49275362	0.483091787	0	100	0	0	0	100	0	0	0	100	0	0	NA	NA	NA	NA	NA	NA	NA	1	285	6	564	121	1	175	30	1	0	15	0	0	0	6	0	0	0	1	0	0	NA	NA	NA	NA	NA	NA	NA
sn	2.702702703	97.2972973	1.388888889	88.88888889	9.722222222	2.941176471	76.47058824	20.58823529	0	0	50	50	0	NA	NA	NA	NA	NA	NA	NA	NA	NA	NA	NA	NA	NA	NA	NA	1	36	1	64	7	1	26	7	0	0	1	1	0	NA	NA	NA	NA	NA	NA	NA	NA	NA	NA	NA	NA	NA	NA	NA
so	0.221308884	99.77869112	11.51362984	77.57352941	10.91284075	1.461236639	89.2166148	9.295088621	0.027059938	8.129439621	64.60142068	27.2691397	0	0.268456376	87.91946309	8.724832215	3.087248322	0	41	59	0	0	100	0	NA	NA	NA	NA	28	12624	1284	8651	1217	108	6594	687	2	206	1637	691	0	2	655	65	23	0	41	59	0	0	2	0	NA	NA	NA	NA
sp	1.957733696	98.0422663	1.251792933	82.6835311	16.06467597	2.254098361	62.15846995	35.51912568	0.068306011	6.091370558	87.05583756	6.472081218	0.38071066	3.196347032	91.78082192	5.02283105	0	0	100	0	0	0	100	0	NA	NA	NA	NA	151	7562	96	6341	1232	66	1820	1040	2	48	686	51	3	7	201	11	0	0	6	0	0	0	5	0	NA	NA	NA	NA
sq	0.796812749	99.20318725	0	81.53846154	18.46153846	0	48.07692308	51.92307692	0	0	100	0	0	NA	NA	NA	NA	NA	NA	NA	NA	NA	NA	NA	NA	NA	NA	NA	8	996	0	159	36	0	50	54	0	0	76	0	0	NA	NA	NA	NA	NA	NA	NA	NA	NA	NA	NA	NA	NA	NA	NA
sr	NA	NA	50	0	50	0	100	0	0	0	100	0	0	NA	NA	NA	NA	NA	NA	NA	NA	NA	NA	NA	NA	NA	NA	NA	NA	NA	3	0	3	0	34	0	0	0	7	0	0	NA	NA	NA	NA	NA	NA	NA	NA	NA	NA	NA	NA	NA	NA	NA
st	0.48684363	99.51315637	0.836408364	77.94587946	21.21771218	5.89254766	80.28596187	13.08492201	0.736568458	0	88.48223897	11.51776103	0	1.587301587	85.71428571	12.6984127	0	0	100	0	0	NA	NA	NA	NA	NA	NA	NA	84	17170	68	6337	1725	136	1853	302	17	0	822	107	0	1	54	8	0	0	27	0	0	NA	NA	NA	NA	NA	NA	NA
su	0.178883257	99.82111674	2.411167513	61.4213198	36.16751269	1.941747573	90.23058252	7.675970874	0.151699029	5.85885486	74.96671105	19.17443409	0	7.883817427	85.47717842	6.639004149	0	3.448275862	89.65517241	6.896551724	0	0	100	0	NA	NA	NA	NA	42	23437	114	2904	1710	64	2974	253	5	44	563	144	0	19	206	16	0	1	26	2	0	0	6	0	NA	NA	NA	NA
sv	3.476245655	96.52375435	2.791563275	66.56327543	30.64516129	0.666666667	83.55555556	15.77777778	0	0	72.88135593	27.11864407	0	NA	NA	NA	NA	NA	NA	NA	NA	NA	NA	NA	NA	NA	NA	NA	30	833	45	1073	494	3	376	71	0	0	43	16	0	NA	NA	NA	NA	NA	NA	NA	NA	NA	NA	NA	NA	NA	NA	NA
ta	1.164127623	98.83587238	0.559440559	71.25874126	28.18181818	0	86.96883853	13.03116147	0	0.390625	32.421875	67.1875	0	0	66.66666667	33.33333333	0	0	100	0	0	NA	NA	NA	NA	NA	NA	NA	81	6877	16	2038	806	0	614	92	0	1	83	172	0	0	4	2	0	0	10	0	0	NA	NA	NA	NA	NA	NA	NA
te	1.666989727	98.33301027	0.782828283	70.60606061	28.61111111	0.695450594	70.53028108	28.6583599	0.115908432	0.808352981	78.848097	19.9730549	0.370495116	0	88.29787234	11.70212766	0	0	94.20289855	5.797101449	0	0	100	0	NA	NA	NA	NA	172	10146	62	5592	2266	24	2434	989	4	24	2341	593	11	0	166	22	0	0	65	4	0	0	32	0	NA	NA	NA	NA
th	0	100	0	100	0	0	100	0	0	0	0	100	0	NA	NA	NA	NA	NA	NA	NA	NA	NA	NA	NA	NA	NA	NA	NA	0	110	0	6	0	0	1	0	0	0	0	3	0	NA	NA	NA	NA	NA	NA	NA	NA	NA	NA	NA	NA	NA	NA	NA
ti	8.898055392	91.10194461	1.063337957	47.71151179	51.22515025	0.437636761	90.59080963	8.971553611	0	2.777777778	82.40740741	14.81481481	0	0	33.33333333	66.66666667	0	NA	NA	NA	NA	NA	NA	NA	NA	NA	NA	NA	151	1546	23	1032	1108	2	414	41	0	3	89	16	0	0	1	2	0	NA	NA	NA	NA	NA	NA	NA	NA	NA	NA	NA
to	7.037037037	92.96296296	3.375527426	86.61509611	10.00937647	7.645875252	80.98591549	10.96579477	0.402414487	0.746268657	50	48.50746269	0.746268657	0	56.52173913	43.47826087	0	0	100	0	0	0	100	0	NA	NA	NA	NA	190	2510	144	3695	427	76	805	109	4	1	67	65	1	0	13	10	0	0	82	0	0	0	1	0	NA	NA	NA	NA
tr	3.618982588	96.38101741	1.949606658	84.28913465	13.76125869	2.352515382	87.62214984	9.971045965	0.054288817	0.093896714	79.24882629	20.657277	0	0	81.92771084	18.07228916	0	11.11111111	55.55555556	33.33333333	0	0	100	0	NA	NA	NA	NA	212	5646	171	7393	1207	130	4842	551	3	1	844	220	0	0	68	15	0	1	5	3	0	0	5	0	NA	NA	NA	NA
tu	0.183563965	99.81643604	1.400862069	92.67241379	5.926724138	0	88.79023307	11.20976693	0	0	75.86206897	20.68965517	3.448275862	0	100	0	0	NA	NA	NA	NA	NA	NA	NA	NA	NA	NA	NA	26	14138	13	860	55	0	800	101	0	0	22	6	1	0	1	0	0	NA	NA	NA	NA	NA	NA	NA	NA	NA	NA	NA
ub	66.66666667	33.33333333	9.090909091	90.90909091	0	0	100	0	0	0	75	25	0	NA	NA	NA	NA	0	100	0	0	NA	NA	NA	NA	NA	NA	NA	2	1	1	10	0	0	111	0	0	0	18	6	0	NA	NA	NA	NA	0	1	0	0	NA	NA	NA	NA	NA	NA	NA
uc	100	0	0	99.88851728	0.11148272	3.307888041	46.05597964	50.63613232	0	0	53.84615385	46.15384615	0	NA	NA	NA	NA	NA	NA	NA	NA	NA	NA	NA	NA	NA	NA	NA	1	0	0	896	1	13	181	199	0	0	7	6	0	NA	NA	NA	NA	NA	NA	NA	NA	NA	NA	NA	NA	NA	NA	NA
ud	86.95652174	13.04347826	0	88.70292887	11.29707113	0	82.43243243	17.56756757	0	100	0	0	0	NA	NA	NA	NA	NA	NA	NA	NA	NA	NA	NA	NA	NA	NA	NA	40	6	0	212	27	0	61	13	0	1	0	0	0	NA	NA	NA	NA	NA	NA	NA	NA	NA	NA	NA	NA	NA	NA	NA
ue	0	100	NA	NA	NA	NA	NA	NA	NA	NA	NA	NA	NA	NA	NA	NA	NA	NA	NA	NA	NA	NA	NA	NA	NA	NA	NA	NA	0	94	NA	NA	NA	NA	NA	NA	NA	NA	NA	NA	NA	NA	NA	NA	NA	NA	NA	NA	NA	NA	NA	NA	NA	NA	NA	NA
uf	0	100	0	100	0	0	100	0	0	2.272727273	97.72727273	0	0	0	100	0	0	NA	NA	NA	NA	NA	NA	NA	NA	NA	NA	NA	0	7	0	725	0	0	523	0	0	3	129	0	0	0	19	0	0	NA	NA	NA	NA	NA	NA	NA	NA	NA	NA	NA
ug	0	100	0	97.34042553	2.659574468	0	100	0	0	0	100	0	0	NA	NA	NA	NA	NA	NA	NA	NA	NA	NA	NA	NA	NA	NA	NA	0	84	0	183	5	0	103	0	0	0	1	0	0	NA	NA	NA	NA	NA	NA	NA	NA	NA	NA	NA	NA	NA	NA	NA
ul	62.5	37.5	0	1.864227928	98.13577207	0	100	0	0	0	98.54014599	1.459854015	0	0	84.61538462	15.38461538	0	0	92.85714286	7.142857143	0	0	100	0	NA	NA	NA	NA	20	12	0	53	2790	0	274	0	0	0	135	2	0	0	22	4	0	0	13	1	0	0	1	0	NA	NA	NA	NA
um	5.263157895	94.73684211	2.579365079	84.72222222	12.6984127	57.62711864	40.33898305	2.033898305	0	0	66.14173228	33.85826772	0	0	100	0	0	0	100	0	0	NA	NA	NA	NA	NA	NA	NA	2	36	26	854	128	170	119	6	0	0	84	43	0	0	5	0	0	0	2	0	0	NA	NA	NA	NA	NA	NA	NA
un	0.005604282	99.99439572	8.679672038	50.12722646	41.1931015	1.361867704	79.76653696	18.87159533	0	75.39267016	21.07329843	3.534031414	0	1.492537313	97.76119403	0.746268657	0	7.692307692	84.61538462	7.692307692	0	100	0	0	NA	NA	NA	NA	2	35685	307	1773	1457	7	410	97	0	576	161	27	0	4	262	2	0	1	11	1	0	1	0	0	NA	NA	NA	NA
uo	0	100	0	0.154320988	99.84567901	NA	NA	NA	NA	NA	NA	NA	NA	NA	NA	NA	NA	NA	NA	NA	NA	NA	NA	NA	NA	NA	NA	NA	0	2186	0	2	1294	NA	NA	NA	NA	NA	NA	NA	NA	NA	NA	NA	NA	NA	NA	NA	NA	NA	NA	NA	NA	NA	NA	NA
up	0	100	0	0	100	NA	NA	NA	NA	NA	NA	NA	NA	NA	NA	NA	NA	NA	NA	NA	NA	NA	NA	NA	NA	NA	NA	NA	0	4	0	0	2	NA	NA	NA	NA	NA	NA	NA	NA	NA	NA	NA	NA	NA	NA	NA	NA	NA	NA	NA	NA	NA	NA	NA
ur	7.924528302	92.0754717	0	94.16403785	5.835962145	4.109589041	71.23287671	24.65753425	0	0	21.42857143	78.57142857	0	0	100	0	0	0	100	0	0	NA	NA	NA	NA	NA	NA	NA	21	244	0	597	37	3	52	18	0	0	18	66	0	0	3	0	0	0	1	0	0	NA	NA	NA	NA	NA	NA	NA
us	5.941422594	94.05857741	1.959306707	91.93669932	6.103993971	0	66.86390533	33.13609467	0	2.5	87.5	10	0	0	71.42857143	28.57142857	0	NA	NA	NA	NA	NA	NA	NA	NA	NA	NA	NA	71	1124	52	2440	162	0	113	56	0	1	35	4	0	0	5	2	0	NA	NA	NA	NA	NA	NA	NA	NA	NA	NA	NA
ut	0	100	0	25.78125	74.21875	21.78217822	73.26732673	4.95049505	0	0.364298725	93.07832423	6.557377049	0	0	60	40	0	0	0	100	0	NA	NA	NA	NA	NA	NA	NA	0	14	0	132	380	44	148	10	0	2	511	36	0	0	30	20	0	0	0	4	0	NA	NA	NA	NA	NA	NA	NA
uv	0	100	0	100	0	0	100	0	0	NA	NA	NA	NA	NA	NA	NA	NA	NA	NA	NA	NA	NA	NA	NA	NA	NA	NA	NA	0	28	0	12	0	0	1	0	0	NA	NA	NA	NA	NA	NA	NA	NA	NA	NA	NA	NA	NA	NA	NA	NA	NA	NA	NA
ux	NA	NA	NA	NA	NA	NA	NA	NA	NA	0	100	0	0	NA	NA	NA	NA	NA	NA	NA	NA	NA	NA	NA	NA	NA	NA	NA	NA	NA	NA	NA	NA	NA	NA	NA	NA	0	4	0	0	NA	NA	NA	NA	NA	NA	NA	NA	NA	NA	NA	NA	NA	NA	NA
uz	0	100	0	83.33333333	16.66666667	NA	NA	NA	NA	NA	NA	NA	NA	NA	NA	NA	NA	NA	NA	NA	NA	NA	NA	NA	NA	NA	NA	NA	0	1	0	5	1	NA	NA	NA	NA	NA	NA	NA	NA	NA	NA	NA	NA	NA	NA	NA	NA	NA	NA	NA	NA	NA	NA	NA
va	1.596993894	98.40300611	5.924992121	84.43113772	9.643870154	4.331087584	87.58421559	7.988450433	0.096246391	1.568627451	93.7254902	4.705882353	0	0	94.73684211	5.263157895	0	0	100	0	0	NA	NA	NA	NA	NA	NA	NA	34	2095	188	2679	306	45	910	83	1	4	239	12	0	0	18	1	0	0	1	0	0	NA	NA	NA	NA	NA	NA	NA
ve	5.572017521	94.42798248	7.82858107	67.14189303	25.0295259	11.50404772	53.60034086	34.72518108	0.170430337	2.244039271	86.95652174	7.433380084	3.366058906	0	50	50	0	0	81.81818182	18.18181818	0	NA	NA	NA	NA	NA	NA	NA	865	14659	928	7959	2967	270	1258	815	4	16	620	53	24	0	33	33	0	0	9	2	0	NA	NA	NA	NA	NA	NA	NA
vi	1.849729907	98.15027009	0.47135977	72.05656317	27.47207706	5.527915976	82.1448314	11.71918187	0.608070757	2.777777778	76.70940171	20.2991453	0.213675214	0	91.796875	8.203125	0	0	78.57142857	21.42857143	0	0	100	0	NA	NA	NA	NA	226	11992	46	7032	2681	100	1486	212	11	13	359	95	1	0	235	21	0	0	11	3	0	0	13	0	NA	NA	NA	NA
vl	NA	NA	NA	NA	NA	0	100	0	0	NA	NA	NA	NA	NA	NA	NA	NA	NA	NA	NA	NA	NA	NA	NA	NA	NA	NA	NA	NA	NA	NA	NA	NA	0	3	0	0	NA	NA	NA	NA	NA	NA	NA	NA	NA	NA	NA	NA	NA	NA	NA	NA	NA	NA	NA
vo	3.049924925	96.95007508	6.368019285	82.94495781	10.6870229	3.329369798	60.28537455	36.14744352	0.237812128	3.053435115	93.89312977	3.053435115	0	0	97.14285714	2.857142857	0	NA	NA	NA	NA	NA	NA	NA	NA	NA	NA	NA	325	10331	317	4129	532	28	507	304	2	4	123	4	0	0	34	1	0	NA	NA	NA	NA	NA	NA	NA	NA	NA	NA	NA
vu	1.044386423	98.95561358	1.785714286	96.42857143	1.785714286	0	0	100	0	0	0	100	0	40	60	0	0	NA	NA	NA	NA	NA	NA	NA	NA	NA	NA	NA	4	379	1	54	1	0	0	27	0	0	0	33	0	2	3	0	0	NA	NA	NA	NA	NA	NA	NA	NA	NA	NA	NA
wa	NA	NA	NA	NA	NA	0	100	0	0	NA	NA	NA	NA	0	100	0	0	NA	NA	NA	NA	NA	NA	NA	NA	NA	NA	NA	NA	NA	NA	NA	NA	0	7	0	0	NA	NA	NA	NA	0	2	0	0	NA	NA	NA	NA	NA	NA	NA	NA	NA	NA	NA
we	0	100	NA	NA	NA	NA	NA	NA	NA	NA	NA	NA	NA	NA	NA	NA	NA	NA	NA	NA	NA	NA	NA	NA	NA	NA	NA	NA	0	4	NA	NA	NA	NA	NA	NA	NA	NA	NA	NA	NA	NA	NA	NA	NA	NA	NA	NA	NA	NA	NA	NA	NA	NA	NA	NA
wi	0	100	NA	NA	NA	NA	NA	NA	NA	NA	NA	NA	NA	NA	NA	NA	NA	NA	NA	NA	NA	NA	NA	NA	NA	NA	NA	NA	0	7	NA	NA	NA	NA	NA	NA	NA	NA	NA	NA	NA	NA	NA	NA	NA	NA	NA	NA	NA	NA	NA	NA	NA	NA	NA	NA
xe	NA	NA	NA	NA	NA	0	0	100	0	0	100	0	0	NA	NA	NA	NA	NA	NA	NA	NA	NA	NA	NA	NA	NA	NA	NA	NA	NA	NA	NA	NA	0	0	6	0	0	4	0	0	NA	NA	NA	NA	NA	NA	NA	NA	NA	NA	NA	NA	NA	NA	NA
ya	0	100	0	100	0	NA	NA	NA	NA	NA	NA	NA	NA	NA	NA	NA	NA	NA	NA	NA	NA	NA	NA	NA	NA	NA	NA	NA	0	5	0	13	0	NA	NA	NA	NA	NA	NA	NA	NA	NA	NA	NA	NA	NA	NA	NA	NA	NA	NA	NA	NA	NA	NA	NA
yo	0	100	NA	NA	NA	NA	NA	NA	NA	NA	NA	NA	NA	NA	NA	NA	NA	NA	NA	NA	NA	NA	NA	NA	NA	NA	NA	NA	0	54	NA	NA	NA	NA	NA	NA	NA	NA	NA	NA	NA	NA	NA	NA	NA	NA	NA	NA	NA	NA	NA	NA	NA	NA	NA	NA
yu	NA	NA	0	100	0	NA	NA	NA	NA	NA	NA	NA	NA	NA	NA	NA	NA	NA	NA	NA	NA	NA	NA	NA	NA	NA	NA	NA	NA	NA	0	2	0	NA	NA	NA	NA	NA	NA	NA	NA	NA	NA	NA	NA	NA	NA	NA	NA	NA	NA	NA	NA	NA	NA	NA
za	5.960264901	94.0397351	1.550387597	85.65891473	12.79069767	0	100	0	0	0	50	50	0	NA	NA	NA	NA	NA	NA	NA	NA	NA	NA	NA	NA	NA	NA	NA	9	142	4	221	33	0	70	0	0	0	1	1	0	NA	NA	NA	NA	NA	NA	NA	NA	NA	NA	NA	NA	NA	NA	NA
ze	0.294985251	99.70501475	0	81.66666667	18.33333333	0	100	0	0	0	100	0	0	0	100	0	0	NA	NA	NA	NA	NA	NA	NA	NA	NA	NA	NA	1	338	0	49	11	0	30	0	0	0	1	0	0	0	2	0	0	NA	NA	NA	NA	NA	NA	NA	NA	NA	NA	NA
zi	2.849002849	97.15099715	0	46.25	53.75	0	100	0	0	NA	NA	NA	NA	NA	NA	NA	NA	NA	NA	NA	NA	NA	NA	NA	NA	NA	NA	NA	10	341	0	37	43	0	17	0	0	NA	NA	NA	NA	NA	NA	NA	NA	NA	NA	NA	NA	NA	NA	NA	NA	NA	NA	NA
zo	0.202020202	99.7979798	0	26.53061224	73.46938776	0	63.41463415	36.58536585	0	0	43.47826087	56.52173913	0	0	100	0	0	NA	NA	NA	NA	NA	NA	NA	NA	NA	NA	NA	2	988	0	13	36	0	26	15	0	0	10	13	0	0	2	0	0	NA	NA	NA	NA	NA	NA	NA	NA	NA	NA	NA
zu	2.409638554	97.59036145	0	39.82683983	60.17316017	0	100	0	0	0	100	0	0	NA	NA	NA	NA	NA	NA	NA	NA	NA	NA	NA	NA	NA	NA	NA	2	81	0	92	139	0	17	0	0	0	2	0	0	NA	NA	NA	NA	NA	NA	NA	NA	NA	NA	NA	NA	NA	NA	NA
