3lett	%ULT_Tk	%PULT_Tk	%APULT_Tk	%PAPULT_Tk	nULT_Tk	nPULT_Tk	nAPULT_Tk	nPAPULT_Tk
a's	0	0	100	0	0	0	1	0
aba	14.28571429	74.28571429	11.42857143	0	5	26	4	0
abb	3.235172128	91.20696806	5.516383243	0.041476566	78	2199	133	1
abd	52.94117647	29.41176471	17.64705882	0	9	5	3	0
abe	11.5942029	88.4057971	0	0	8	61	0	0
abi	4.951560818	53.49838536	38.80516685	2.744886975	92	994	721	51
abl	0	100	0	0	0	4	0	0
abn	0	100	0	0	0	15	0	0
abo	0.793650794	92.06349206	7.142857143	0	2	232	18	0
abr	7.594936709	91.13924051	1.265822785	0	6	72	1	0
abs	0	42.85714286	57.14285714	0	0	3	4	0
abu	0	98.93048128	1.069518717	0	0	185	2	0
aca	0	94.44444444	5.555555556	0	0	17	1	0
acc	1.979585524	90.05052067	7.650273224	0.319620579	192	8734	742	31
ace	0	76.82926829	23.17073171	0	0	63	19	0
ach	0.99009901	99.00990099	0	0	1	100	0	0
aci	6.299212598	29.92125984	63.77952756	0	8	38	81	0
acl	0	100	0	0	0	1	0	0
acm	0	100	0	0	0	3	0	0
acn	0	100	0	0	0	5	0	0
aco	27.27272727	63.63636364	9.090909091	0	3	7	1	0
acq	0.910746812	96.12932605	2.95992714	0	20	2111	65	0
acr	0	42.66666667	57.33333333	0	0	32	43	0
act	0	100	0	0	0	2	0	0
acu	0	74.02597403	25.97402597	0	0	114	40	0
ada	1.808318264	92.22423146	5.967450271	0	10	510	33	0
add	1.004016064	96.18473896	2.744310576	0.066934404	15	1437	41	1
ade	0.205444273	97.79147406	2.003081664	0	4	1904	39	0
adi	2.150537634	64.51612903	33.33333333	0	2	60	31	0
ado	1.84729064	90.51724138	7.019704433	0.615763547	15	735	57	5
adr	0	67.30769231	32.69230769	0	0	105	51	0
adu	0	92.30769231	7.692307692	0	0	204	17	0
aer	0.401606426	35.34136546	64.25702811	0	2	176	320	0
afa	0	96.15384615	3.846153846	0	0	25	1	0
aff	4.915543746	89.06813437	6.016321883	0	259	4693	317	0
afg	0	0	100	0	0	0	7	0
afo	0	83.33333333	16.66666667	0	0	15	3	0
afr	2.493074792	42.10526316	55.40166205	0	9	152	200	0
aft	0	100	0	0	0	14	0	0
aga	5.633802817	66.1971831	28.16901408	0	4	47	20	0
age	0.403225806	95.43010753	4.166666667	0	3	710	31	0
agg	3.649635036	85.23925385	11.07055961	0.0405515	90	2102	273	1
agh	0	100	0	0	0	13	0	0
agi	5.342237062	75.29215359	17.19532554	2.170283806	32	451	103	13
agl	0	100	0	0	0	53	0	0
agm	100	0	0	0	1	0	0	0
agn	2.013422819	93.95973154	4.026845638	0	3	140	6	0
ago	0.568990043	93.74110953	5.689900427	0	4	659	40	0
agr	0	64.30678466	35.69321534	0	0	218	121	0
agu	6.153846154	93.84615385	0	0	4	61	0	0
ahi	90	10	0	0	27	3	0	0
aho	50	50	0	0	2	2	0	0
aia	0	100	0	0	0	18	0	0
aid	60	40	0	0	21	14	0	0
aie	0	100	0	0	0	5	0	0
aik	0	0	100	0	0	0	1	0
aim	33.33333333	66.66666667	0	0	2	4	0	0
air	52.38095238	47.61904762	0	0	22	20	0	0
ais	0	100	0	0	0	1	0	0
ait	0	100	0	0	0	11	0	0
aiu	2.833333333	92.25	4.916666667	0	34	1107	59	0
aiz	0	66.66666667	33.33333333	0	0	2	1	0
aja	0	100	0	0	0	12	0	0
aje	0	100	0	0	0	2	0	0
aka	0	100	0	0	0	2	0	0
aki	0	100	0	0	0	2	0	0
akk	0	0	100	0	0	0	2	0
akr	0	0	100	0	0	0	2	0
akt	0	100	0	0	0	1	0	0
ala	16.05633803	78.02816901	5.915492958	0	57	277	21	0
alb	0.573248408	78.66242038	20.76433121	0	9	1235	326	0
alc	9.482459187	88.85029524	1.667245571	0	273	2558	48	0
ald	19.20529801	80.13245033	0.662251656	0	29	121	1	0
ale	2.875399361	96.32587859	0.798722045	0	18	603	5	0
alf	0	97.35294118	2.647058824	0	0	331	9	0
alg	1.898734177	84.81012658	13.29113924	0	3	134	21	0
alh	0	100	0	0	0	1	0	0
ali	2.182810368	84.31105048	13.50613915	0	16	618	99	0
all	1.796407186	95.24194854	2.913092733	0.048551546	111	5885	180	3
alm	0	99.74853311	0.25146689	0	0	1190	3	0
alo	0	71.79487179	28.20512821	0	0	28	11	0
alp	0	97.86324786	2.136752137	0	0	229	5	0
alq	0	100	0	0	0	41	0	0
als	0	87.5	12.5	0	0	7	1	0
alt	0.295621604	98.91339086	0.751038671	0.039948865	37	12380	94	5
alu	0	100	0	0	0	14	0	0
alv	13.15789474	68.42105263	18.42105263	0	5	26	7	0
alz	21.70818505	70.10676157	8.185053381	0	122	394	46	0
ama	1.409185804	91.91022965	6.576200418	0.104384134	27	1761	126	2
amb	2.310803004	88.09936453	9.589832467	0	40	1525	166	0
ame	0.2787068	66.55518395	33.16610925	0	5	1194	595	0
amf	0	100	0	0	0	1	0	0
ami	0.206504904	95.56014455	4.233350542	0	4	1851	82	0
aml	0	77.77777778	22.22222222	0	0	14	4	0
amm	1.428571429	89.30612245	9.265306122	0	35	2188	227	0
amn	0	39.02439024	60.97560976	0	0	16	25	0
amo	1.401541696	98.10791871	0.490539594	0	20	1400	7	0
amp	0.205761317	96.70781893	2.880658436	0.205761317	1	470	14	1
amr	0	0	100	0	0	0	2	0
ams	0	0	100	0	0	0	26	0
amu	0	100	0	0	0	4	0	0
ana	0.113765643	37.7701934	62.11604096	0	1	332	546	0
anb	100	0	0	0	2	0	0	0
anc	1.00678733	98.91402715	0.067873303	0.011312217	178	17488	12	2
and	7.265162426	84.28548568	8.129300688	0.320051208	454	5267	508	20
ane	0	74.03314917	25.96685083	0	0	134	47	0
anf	0	93.75	6.25	0	0	60	4	0
ang	1.198156682	31.05990783	67.74193548	0	13	337	735	0
ani	0.566343042	54.12621359	44.49838188	0.809061489	7	669	550	10
anj	0	100	0	0	0	2	0	0
ank	0	100	0	0	0	6	0	0
ann	0.800985829	98.35401813	0.827391955	0.017604084	91	11174	94	2
ano	1.071428571	30.35714286	68.57142857	0	3	85	192	0
ans	2.112676056	94.71830986	3.169014085	0	6	269	9	0
ant	2.368171771	83.32807073	14.20903063	0.094726871	75	2639	450	3
anu	0	100	0	0	0	7	0	0
anv	0	100	0	0	0	10	0	0
any	0	100	0	0	0	1	0	0
anz	13.632287	86.367713	0	0	152	963	0	0
aor	0	66.66666667	33.33333333	0	0	4	2	0
aos	0	100	0	0	0	33	0	0
apa	0	71.42857143	28.57142857	0	0	5	2	0
ape	0	99.9015748	0.098425197	0	0	1015	1	0
api	0	26.08695652	73.91304348	0	0	6	17	0
apn	0	100	0	0	0	14	0	0
apo	3.902439024	56.09756098	40	0	8	115	82	0
app	1.244656776	92.80864974	5.795825999	0.150867488	99	7382	461	12
apr	9.03577926	85.26379624	5.7004245	0	149	1406	94	0
apu	0	80	20	0	0	4	1	0
aqu	0	38.46153846	61.53846154	0	0	25	40	0
ara	12.4	49.6	38	0	62	248	190	0
arb	2.008032129	47.38955823	50.60240964	0	5	118	126	0
arc	0.476644423	71.68732126	27.83603432	0	5	752	292	0
ard	2.793296089	73.74301676	23.46368715	0	5	132	42	0
are	0.157480315	22.83464567	77.00787402	0	1	145	489	0
arg	4.755944931	88.86107635	6.382978723	0	38	710	51	0
ari	0.56710775	87.42911153	12.00378072	0	6	925	127	0
arj	0	100	0	0	0	4	0	0
ark	0	95.65217391	4.347826087	0	0	22	1	0
arl	0	100	0	0	0	26	0	0
arm	0.585284281	97.40802676	2.006688963	0	7	1165	24	0
arn	1.492537313	98.50746269	0	0	1	66	0	0
aro	0	70.73170732	29.26829268	0	0	58	24	0
arp	0	100	0	0	0	34	0	0
arq	0	100	0	0	0	1	0	0
arr	4.316939891	88.41530055	7.249544627	0.018214936	237	4854	398	1
ars	1.265822785	77.21518987	21.51898734	0	1	61	17	0
art	0.181735575	71.83098592	27.89641072	0.090867787	4	1581	614	2
aru	0	100	0	0	0	5	0	0
arv	33.33333333	66.66666667	0	0	1	2	0	0
arz	25	75	0	0	4	12	0	0
asa	0	100	0	0	0	2	0	0
asb	0	33.33333333	66.66666667	0	0	3	6	0
asc	2.398523985	87.45387454	10.14760148	0	26	948	110	0
ase	13.33333333	26.66666667	60	0	2	4	9	0
asf	1.136363636	96.59090909	2.272727273	0	1	85	2	0
asi	0.505050505	67.17171717	32.32323232	0	1	133	64	0
asm	0	80.64516129	19.35483871	0	0	25	6	0
aso	33.33333333	16.66666667	50	0	4	2	6	0
asp	2.401280683	90.44823906	7.150480256	0	45	1695	134	0
asq	0	100	0	0	0	1	0	0
ass	1.096085409	93.05338078	5.836298932	0.014234875	77	6537	410	1
ast	2.204724409	84.09448819	13.7007874	0	14	534	87	0
ata	1.923076923	86.53846154	11.53846154	0	1	45	6	0
ate	1.923076923	93.26923077	4.807692308	0	2	97	5	0
ath	0	100	0	0	0	5	0	0
ati	0	0	100	0	0	0	7	0
atl	0	50	50	0	0	169	169	0
atm	0	82.49027237	17.50972763	0	0	212	45	0
ato	1.333333333	9.333333333	89.33333333	0	1	7	67	0
atr	15	84	1	0	15	84	1	0
att	8.179447053	84.78873239	7.000521648	0.031298905	784	8127	671	3
atu	100	0	0	0	3	0	0	0
atz	0	100	0	0	0	2	0	0
aud	0	90.51724138	9.482758621	0	0	105	11	0
aug	0.854700855	75.21367521	22.50712251	1.424501425	3	264	79	5
aul	0	98.33333333	1.666666667	0	0	236	4	0
aum	1.251738526	90.9596662	7.788595271	0	9	654	56	0
aur	8.426966292	74.15730337	17.41573034	0	15	132	31	0
aus	3.744493392	68.72246696	26.8722467	0.660792952	17	312	122	3
aut	7.454458293	70.03835091	22.5071908	0	311	2922	939	0
ava	0.612088753	97.01606733	2.371843917	0	8	1268	31	0
ave	8	84.84089604	7.159103963	0	3482	36927	3116	0
avi	29.26829268	57.72357724	13.00813008	0	36	71	16	0
avo	0	100	0	0	0	60	0	0
avv	3.356164384	91.39269406	5.228310502	0.02283105	147	4003	229	1
aya	0	100	0	0	0	20	0	0
aza	0	100	0	0	0	1	0	0
aze	2.702702703	97.2972973	0	0	1	36	0	0
azi	0.069156293	99.72337483	0.20746888	0	1	1442	3	0
azn	100	0	0	0	1	0	0	0
azo	0	100	0	0	0	51	0	0
azt	0	100	0	0	0	3	0	0
azu	0	100	0	0	0	1	0	0
azz	0.819672131	97.04918033	2.131147541	0	5	592	13	0
bab	2.877697842	89.92805755	7.194244604	0	4	125	10	0
bac	4.761904762	88.95238095	6.285714286	0	25	467	33	0
bad	8.888888889	88.88888889	2.222222222	0	16	160	4	0
baf	0	100	0	0	0	67	0	0
bag	7.314148681	91.2470024	1.438848921	0	61	761	12	0
bai	0	83.05084746	16.94915254	0	0	49	10	0
bal	4.273504274	84.84848485	10.87801088	0	55	1092	140	0
bam	2.644907147	94.59763647	2.757456387	0	47	1681	49	0
ban	1.788451712	96.78078692	1.430761369	0	35	1894	28	0
bao	100	0	0	0	2	0	0	0
bar	1.176470588	85.34759358	13.36898396	0.106951872	22	1596	250	2
bas	3.961965135	91.2572636	4.780771263	0	150	3455	181	0
bat	1.075268817	85.00282965	13.92190153	0	19	1502	246	0
bau	0	98.50746269	1.492537313	0	0	66	1	0
bav	0	87.5	12.5	0	0	49	7	0
baz	58.97435897	17.94871795	20.51282051	2.564102564	23	7	8	1
be'	33.33333333	66.66666667	0	0	1	2	0	0
bea	0	85.83333333	14.16666667	0	0	103	17	0
beb	73.91304348	26.08695652	0	0	17	6	0	0
bec	2.777777778	92.59259259	4.62962963	0	3	100	5	0
bed	13.63636364	86.36363636	0	0	3	19	0	0
bef	0.99009901	97.02970297	1.98019802	0	1	98	2	0
beg	0	100	0	0	0	23	0	0
bei	0	100	0	0	0	5	0	0
bel	0.240480962	87.65531062	12.10420842	0	6	2187	302	0
bem	0	100	0	0	0	1	0	0
ben	5.304299274	86.96259073	7.733109994	0	190	3115	277	0
beo	0	100	0	0	0	3	0	0
bep	0	100	0	0	0	44	0	0
ber	3.625730994	89.64912281	6.725146199	0	62	1533	115	0
bes	3.409090909	96.02272727	0.568181818	0	6	169	1	0
bet	1.724137931	87.35632184	10.91954023	0	3	152	19	0
bev	5.714285714	91.42857143	2.857142857	0	4	64	2	0
bia	0.243605359	99.26918392	0.487210719	0	4	1630	8	0
bib	2.21402214	79.33579336	18.4501845	0	6	215	50	0
bic	0.845070423	96.90140845	2.253521127	0	3	344	8	0
bid	7.142857143	92.85714286	0	0	3	39	0	0
bie	1.052631579	96.84210526	2.105263158	0	1	92	2	0
bif	10.52631579	73.68421053	15.78947368	0	2	14	3	0
big	3.100775194	96.89922481	0	0	8	250	0	0
bik	0	100	0	0	0	4	0	0
bil	1.047120419	91.97207679	6.980802792	0	6	527	40	0
bim	0	100	0	0	0	178	0	0
bin	0	86.50793651	13.49206349	0	0	109	17	0
bio	0.51369863	71.06164384	28.42465753	0	3	415	166	0
bip	0	95	5	0	0	19	1	0
bir	1.818181818	98.18181818	0	0	2	108	0	0
bis	2.955665025	96.15763547	0.886699507	0	60	1952	18	0
bit	33.33333333	66.66666667	0	0	4	8	0	0
biu	0	100	0	0	0	2	0	0
biv	0	92	8	0	0	23	2	0
bix	0	100	0	0	0	10	0	0
biz	0.869565217	99.13043478	0	0	1	114	0	0
bla	0	98.52941176	1.470588235	0	0	67	1	0
ble	0	100	0	0	0	1	0	0
bli	0	100	0	0	0	67	0	0
blo	1.363636364	96.81818182	1.818181818	0	9	639	12	0
blu	0	100	0	0	0	22	0	0
boa	1.587301587	98.41269841	0	0	1	62	0	0
bob	25.30120482	74.69879518	0	0	21	62	0	0
boc	0.392156863	98.43137255	1.176470588	0	3	753	9	0
bod	0	100	0	0	0	30	0	0
boe	28.07017544	71.92982456	0	0	16	41	0	0
bof	12.5	87.5	0	0	1	7	0	0
bog	30	60	10	0	3	6	1	0
boi	0	100	0	0	0	56	0	0
bol	0.538358008	97.03903096	2.422611036	0	4	721	18	0
bom	0.240963855	94.69879518	5.060240964	0	1	393	21	0
bon	16.70480549	77.57437071	5.720823799	0	73	339	25	0
boo	0	0	100	0	0	0	18	0
bor	2.69058296	95.51569507	1.793721973	0	42	1491	28	0
bos	0.76419214	89.30131004	9.934497817	0	7	818	91	0
bot	0	94.46564885	5.534351145	0	0	495	29	0
bou	0	0	100	0	0	0	2	0
bov	4.761904762	90.47619048	4.761904762	0	1	19	1	0
boz	0	80.43478261	19.56521739	0	0	37	9	0
bra	0.184842884	97.16574245	2.649414664	0	3	1577	43	0
bre	0.455788514	97.99453054	1.549680948	0	5	1075	17	0
bri	0.875	52.875	46.25	0	7	423	370	0
bro	10.23622047	83.85826772	5.905511811	0	26	213	15	0
bru	1.853411963	96.12468408	2.02190396	0	22	1141	24	0
bub	19.04761905	66.66666667	14.28571429	0	4	14	3	0
buc	0.373134328	94.40298507	5.223880597	0	1	253	14	0
bud	0	87.83783784	12.16216216	0	0	130	18	0
bue	0	100	0	0	0	16	0	0
buf	11.64383562	73.97260274	14.38356164	0	17	108	21	0
bug	0	99.543379	0.456621005	0	0	218	1	0
bui	0	100	0	0	0	213	0	0
bul	3.260869565	79.34782609	17.39130435	0	3	73	16	0
bum	0	0	100	0	0	0	2	0
bun	6	94	0	0	3	47	0	0
buo	0	100	0	0	0	1413	0	0
bur	0.27027027	75.94594595	23.78378378	0	1	281	88	0
bus	4.843304843	88.88888889	6.267806268	0	17	312	22	0
but	5.597964377	86.25954198	8.142493639	0	22	339	32	0
buz	0	100	0	0	0	19	0	0
byp	0	100	0	0	0	1	0	0
cab	34.43708609	61.58940397	3.973509934	0	52	93	6	0
cac	1.769911504	94.33628319	3.89380531	0	10	533	22	0
cad	1.159678858	77.78768956	21.05263158	0	13	872	236	0
cae	0	100	0	0	0	5	0	0
caf	78.68852459	20	1.31147541	0	240	61	4	0
cag	1.063829787	41.4893617	57.44680851	0	2	78	108	0
cai	0	31.25	68.75	0	0	35	77	0
caj	0	100	0	0	0	1	0	0
cal	1.831601968	87.31547294	10.74357572	0.109349371	67	3194	393	4
cam	1.092650801	85.97515342	12.76754977	0.164646011	73	5744	853	11
can	2.035984848	90.74337121	7.220643939	0	86	3833	305	0
cao	0	78.6407767	21.3592233	0	0	81	22	0
cap	5.679750455	87.70470496	6.61554458	0	437	6748	509	0
car	2.195306586	72.93716881	24.75397426	0.113550341	174	5781	1962	9
cas	1.387431503	98.25113676	0.361431736	0	119	8427	31	0
cat	1.349464867	67.93857608	30.66542578	0.046533271	29	1460	659	1
cau	1.140065147	97.39413681	1.465798046	0	14	1196	18	0
cav	12.33307148	81.53967007	6.127258445	0	157	1038	78	0
caz	0	93.18181818	6.818181818	0	0	41	3	0
ceb	0	100	0	0	0	1	0	0
cec	4.761904762	95.23809524	0	0	10	200	0	0
ced	0.753768844	68.09045226	31.15577889	0	3	271	124	0
cef	21.73913043	60.86956522	17.39130435	0	5	14	4	0
cei	0	100	0	0	0	18	0	0
cek	0	100	0	0	0	5	0	0
cel	3.342618384	61.28133705	34.44753946	0.928505107	36	660	371	10
cem	0	100	0	0	0	121	0	0
cen	0.413137781	93.69964883	5.887213386	0	20	4536	285	0
cep	0	100	0	0	0	19	0	0
cer	1.69857937	93.80790611	4.478072884	0.015441631	110	6075	290	1
ces	3.736654804	61.38790036	34.87544484	0	21	345	196	0
cet	0	71.42857143	28.57142857	0	0	55	22	0
cev	0	100	0	0	0	3	0	0
cha	83.33333333	0	16.66666667	0	20	0	4	0
che	3.174603175	85.71428571	11.11111111	0	2	54	7	0
chi	4.139893519	77.11584358	18.61575179	0.128511107	451	8401	2028	14
cho	0	100	0	0	0	3	0	0
chr	0	100	0	0	0	49	0	0
cia	8.755760369	90.62980031	0.614439324	0	57	590	4	0
cib	0	96.9924812	3.007518797	0	0	258	8	0
cic	0.227790433	90.43280182	9.339407745	0	1	397	41	0
cid	0	100	0	0	0	2	0	0
cie	0	99.3877551	0.612244898	0	0	487	3	0
cif	0.67114094	99.32885906	0	0	2	296	0	0
cig	1.5625	87.5	10.9375	0	1	56	7	0
cil	0.526315789	95.78947368	3.684210526	0	1	182	7	0
cim	0	94.0397351	5.960264901	0	0	284	18	0
cin	1.247471342	68.94807822	29.80445044	0	37	2045	884	0
cio	82.40302744	13.52885525	3.973509934	0.094607379	871	143	42	1
cip	0	97.64705882	2.352941176	0	0	166	4	0
cir	0.734976221	83.39818418	14.52658885	1.340250757	17	1929	336	31
cis	0	94.02985075	5.970149254	0	0	63	4	0
cit	61.48913431	36.12397577	2.386889918	0	1726	1014	67	0
ciu	7.407407407	92.59259259	0	0	4	50	0	0
civ	19.66053748	66.61951909	13.71994342	0	139	471	97	0
cla	0.787844682	63.75914463	35.34046145	0.11254924	14	1133	628	2
cle	0	90.12345679	9.87654321	0	0	73	8	0
cli	0	75.74370709	24.25629291	0	0	662	212	0
clo	0	87.5	12.5	0	0	42	6	0
clu	0	100	0	0	0	6	0	0
cno	0	100	0	0	0	1	0	0
coa	0.602409639	97.59036145	1.204819277	0.602409639	1	162	2	1
cob	0	100	0	0	0	17	0	0
coc	0	83.64312268	15.98513011	0.371747212	0	225	43	1
cod	0.406504065	48.37398374	51.2195122	0	2	238	252	0
coe	0	74.42922374	25.57077626	0	0	163	56	0
cof	0	66.66666667	33.33333333	0	0	18	9	0
cog	0.681818182	81.81818182	17.5	0	3	360	77	0
coi	1.777059774	79.15993538	19.06300485	0	11	490	118	0
col	1.289180991	94.12285137	4.411021234	0.176946411	102	7447	349	14
com	2.823388665	91.87079408	5.159264244	0.146553013	944	30717	1725	49
con	1.644110806	90.50803553	7.263692112	0.584161556	622	34241	2748	221
coo	0.578034682	94.79768786	4.624277457	0	2	328	16	0
cop	0.554528651	95.88724584	3.558225508	0	12	2075	77	0
cor	0.699912511	92.61342332	6.686664167	0	56	7410	535	0
cos	31.61175423	65.57689861	2.811347157	0	4970	10310	442	0
cot	0.829875519	97.51037344	1.659751037	0	2	235	4	0
cou	100	0	0	0	2	0	0	0
cov	0	90.36144578	9.638554217	0	0	75	8	0
coz	2.631578947	97.36842105	0	0	1	37	0	0
cra	0	98.77835951	1.221640489	0	0	566	7	0
cre	3.238176395	73.96676608	22.77375373	0.021303792	152	3472	1069	1
cri	4.939155333	68.64710093	26.30637079	0.107372942	138	1918	735	3
cro	0.848176421	73.62171332	25.44529262	0.084817642	10	868	300	1
cru	11.8466899	88.1533101	0	0	34	253	0	0
cua	0	100	0	0	0	2	0	0
cub	0.64516129	98.70967742	0.64516129	0	1	153	1	0
cuc	0.642673522	91.77377892	7.583547558	0	5	714	59	0
cud	0	100	0	0	0	5	0	0
cuf	0	100	0	0	0	23	0	0
cug	0	100	0	0	0	101	0	0
cui	0	100	0	0	0	4883	0	0
cul	1.165695254	95.83680266	2.830974188	0.166527893	14	1151	34	2
cum	2.325581395	60.46511628	34.88372093	2.325581395	1	26	15	1
cun	0	28.57142857	71.42857143	0	0	18	45	0
cuo	0	93.83928571	6.160714286	0	0	1051	69	0
cup	0	58.33333333	41.66666667	0	0	84	60	0
cur	11.70212766	84.48060075	3.817271589	0	187	1350	61	0
cus	1.340482574	98.1233244	0.536193029	0	5	366	2	0
cut	0	64.70588235	35.29411765	0	0	44	24	0
cyr	23.07692308	76.92307692	0	0	3	10	0	0
d'a	0.1447178	96.23733719	3.617945007	0	1	665	25	0
d'e	17.64705882	82.35294118	0	0	6	28	0	0
d'i	0	91.17647059	8.823529412	0	0	31	3	0
d'o	0	100	0	0	0	45	0	0
d'u	0	100	0	0	0	21	0	0
dab	0	80	20	0	0	4	1	0
dac	17.64705882	82.35294118	0	0	6	28	0	0
dad	1.851851852	98.14814815	0	0	1	53	0	0
daf	0	100	0	0	0	5	0	0
dag	33.33333333	33.33333333	33.33333333	0	1	1	1	0
dai	0	100	0	0	0	29	0	0
dak	37.5	62.5	0	0	3	5	0	0
dal	7.534246575	80.82191781	11.64383562	0	11	118	17	0
dam	0	97.24137931	2.75862069	0	0	141	4	0
dan	0.533333333	97.51111111	1.955555556	0	6	1097	22	0
dap	0	100	0	0	0	144	0	0
dar	2.075167166	93.84367074	4.058104681	0.023057413	90	4070	176	1
das	0	100	0	0	0	1	0	0
dat	0.104058273	98.75130073	1.144640999	0	1	949	11	0
dav	0.232480903	98.20657589	1.560943208	0	7	2957	47	0
daz	0	100	0	0	0	14	0	0
de'	75	25	0	0	6	2	0	0
dea	0	100	0	0	0	30	0	0
deb	2.564102564	38.19163293	59.24426451	0	19	283	439	0
dec	1.517386723	90.1369863	8.32455216	0.021074816	72	4277	395	1
ded	2.680652681	78.78787879	16.66666667	1.864801865	23	676	143	16
dee	0	100	0	0	0	3	0	0
def	1.489757914	89.69584109	8.814400993	0	24	1445	142	0
deg	2.250803859	93.56913183	4.180064309	0	7	291	13	0
dei	10	90	0	0	1	9	0	0
del	0.060790274	94.55927052	5.075987842	0.303951368	2	3111	167	10
dem	1.498751041	60.28309742	38.21815154	0	18	724	459	0
den	1.783992285	81.38862102	16.82738669	0	37	1688	349	0
deo	0	62.5	37.5	0	0	5	3	0
dep	0.523012552	83.26359833	15.48117155	0.732217573	5	796	148	7
deq	0	100	0	0	0	9	0	0
der	1.555555556	83.77777778	14.66666667	0	7	377	66	0
des	0.403904409	92.15752272	6.832716257	0.605856614	12	2738	203	18
det	0.71942446	93.2853717	4.476418865	1.518784972	9	1167	56	19
deu	0	85.71428571	14.28571429	0	0	18	3	0
dev	0.931677019	97.20496894	1.863354037	0	3	313	6	0
di 	0	100	0	0	0	1	0	0
di'	100	0	0	0	1	0	0	0
dia	0.099403579	51.49105368	48.31013917	0.099403579	1	518	486	1
dib	0	18.84615385	81.15384615	0	0	49	211	0
dic	0.059031877	96.635183	3.305785124	0	1	1637	56	0
did	0	25	75	0	0	20	60	0
die	0.403836446	97.62746088	1.968702675	0	8	1934	39	0
dif	11.31167268	57.68953069	30.90252708	0.096269555	470	2397	1284	4
dig	23.46938776	74.48979592	2.040816327	0	92	292	8	0
dil	2.040816327	88.62973761	9.329446064	0	7	304	32	0
dim	2.445447705	88.63807374	8.465011287	0.451467269	65	2356	225	12
din	1.01010101	81.81818182	17.17171717	0	5	405	85	0
dio	0	95.01385042	4.986149584	0	0	686	36	0
dip	2.43902439	78.48432056	19.07665505	0	28	901	219	0
dir	0.656070342	94.04125803	5.302671627	0	97	13904	784	0
dis	2.121181366	85.61859332	12.20947935	0.050745966	209	8436	1203	5
dit	0	99.03614458	0.963855422	0	0	411	4	0
diu	0	55.81395349	44.18604651	0	0	24	19	0
div	3.065076249	91.72580402	5.194020836	0.015098898	203	6075	344	1
diz	0	100	0	0	0	63	0	0
dja	33.33333333	66.66666667	0	0	1	2	0	0
doa	100	0	0	0	3	0	0	0
dob	0	100	0	0	0	5	0	0
doc	0.531914894	96.40957447	3.058510638	0	4	725	23	0
dod	0	11.66077739	88.33922261	0	0	33	250	0
dog	0	91.17647059	8.823529412	0	0	62	6	0
dol	0.148809524	70.01488095	29.83630952	0	2	941	401	0
dom	3.206051873	62.53602305	33.60951009	0.648414986	89	1736	933	18
don	0.402955003	98.89187374	0.671591672	0.033579584	12	2945	20	1
dop	0.40254948	99.56390473	0.03354579	0	24	5936	2	0
dor	3.734439834	91.00968188	5.255878285	0	27	658	38	0
dos	0	100	0	0	0	230	0	0
dot	34.375	65.50925926	0.115740741	0	297	566	1	0
dov	5.243479847	85.40032829	9.356191866	0	575	9365	1026	0
doz	0	100	0	0	0	49	0	0
dra	2.153846154	52.15384615	45.69230769	0	14	339	297	0
dre	0	100	0	0	0	20	0	0
dri	0.917431193	97.24770642	1.834862385	0	1	106	2	0
dro	0	99.10447761	0.895522388	0	0	332	3	0
dru	0	83.33333333	16.66666667	0	0	5	1	0
dua	0	100	0	0	0	5	0	0
dub	0.160513644	95.18459069	4.012841091	0.642054575	1	593	25	4
duc	0	100	0	0	0	130	0	0
due	0	100	0	0	0	6786	0	0
dug	0	100	0	0	0	18	0	0
dui	0	100	0	0	0	13	0	0
duk	0	100	0	0	0	3	0	0
dul	0	100	0	0	0	6	0	0
dum	0	100	0	0	0	8	0	0
dun	0	100	0	0	0	962	0	0
duo	0	100	0	0	0	136	0	0
dup	3.571428571	21.42857143	75	0	2	12	42	0
dur	3.014601978	94.95996232	2.025435704	0	64	2016	43	0
dus	0	100	0	0	0	7	0	0
dut	43.75	12.5	43.75	0	7	2	7	0
e'c	0	100	0	0	0	2	0	0
e'v	0	0	100	0	0	0	2	0
eba	0	40	60	0	0	4	6	0
ebb	0	100	0	0	0	110	0	0
ebe	0	0	100	0	0	0	1	0
ebn	100	0	0	0	1	0	0	0
ebo	0	73.91304348	26.08695652	0	0	17	6	0
ebr	0	63.22580645	36.77419355	0	0	196	114	0
ebu	0	0	100	0	0	0	4	0
eca	0	100	0	0	0	5	0	0
ecc	0.865800866	85.45454545	13.54978355	0.12987013	20	1974	313	3
ech	10.34482759	72.4137931	17.24137931	0	3	21	5	0
ecl	0	62.5	37.5	0	0	30	18	0
eco	0.2734108	42.03691046	57.68967874	0	4	615	844	0
ect	0	100	0	0	0	1	0	0
ecu	0	7.692307692	92.30769231	0	0	1	12	0
ecz	0	100	0	0	0	2	0	0
eda	0	0	100	0	0	0	1	0
edd	0	100	0	0	0	5	0	0
ede	0	50	50	0	0	26	26	0
edg	0	100	0	0	0	1	0	0
edi	0.434027778	90.19097222	9.375	0	5	1039	108	0
edm	0	100	0	0	0	11	0	0
edo	0	94.44444444	5.555555556	0	0	68	4	0
edu	0	99.6941896	0.305810398	0	0	326	1	0
edw	0	100	0	0	0	2	0	0
efe	16.66666667	33.33333333	50	0	1	2	3	0
eff	0.222098834	97.61243753	2.165463631	0	4	1758	39	0
efi	0	100	0	0	0	1	0	0
ege	0	82.14285714	17.85714286	0	0	23	5	0
egi	0	87.76978417	12.23021583	0	0	122	17	0
egl	0	100	0	0	0	7458	0	0
ego	0	86.9047619	13.0952381	0	0	73	11	0
egr	0	100	0	0	0	19	0	0
egu	6.944444444	90.27777778	2.777777778	0	5	65	2	0
eia	0	100	0	0	0	3	0	0
ein	0	100	0	0	0	37	0	0
eka	0	100	0	0	0	1	0	0
ela	7.194244604	72.30215827	18.70503597	1.798561151	20	201	52	5
elb	0	100	0	0	0	15	0	0
eld	0	100	0	0	0	6	0	0
ele	1.201029454	84.5295968	14.26937375	0	42	2956	499	0
elf	0	100	0	0	0	12	0	0
elg	0	100	0	0	0	3	0	0
eli	0.930851064	80.05319149	18.08510638	0.930851064	7	602	136	7
ell	0	66	34	0	0	33	17	0
elm	4.545454545	95.45454545	0	0	1	21	0	0
elo	0	100	0	0	0	69	0	0
elp	0	100	0	0	0	4	0	0
els	0	100	0	0	0	12	0	0
elu	0	78.57142857	21.42857143	0	0	22	6	0
elv	0	55.31914894	44.68085106	0	0	26	21	0
elz	0	100	0	0	0	1	0	0
ema	0.867052023	91.61849711	7.514450867	0	3	317	26	0
emb	0	78.37837838	21.62162162	0	0	87	24	0
eme	1.170351105	83.22496749	15.6046814	0	9	640	120	0
emi	0.331674959	98.50746269	1.160862355	0	2	594	7	0
emm	0	97.77777778	2.222222222	0	0	44	1	0
emo	1.909307876	95.46539379	2.625298329	0	8	400	11	0
emp	5.633802817	40.84507042	53.52112676	0	4	29	38	0
emu	3.03030303	60.60606061	36.36363636	0	1	20	12	0
ena	0	100	0	0	0	1	0	0
enc	0	65.57377049	34.42622951	0	0	40	21	0
end	0	51.61290323	48.38709677	0	0	16	15	0
ene	0	78.91304348	21.08695652	0	0	363	97	0
enf	1.587301587	46.03174603	52.38095238	0	1	29	33	0
eni	3.448275862	41.37931034	55.17241379	0	2	24	32	0
enn	0	12.57142857	87.42857143	0	0	22	153	0
eno	0.983606557	96.39344262	2.62295082	0	3	294	8	0
enr	0	100	0	0	0	213	0	0
ent	5.397448479	90.05561008	4.546941446	0	165	2753	139	0
enu	0	87.09677419	12.90322581	0	0	27	4	0
env	0	100	0	0	0	5	0	0
enz	0	97.85714286	2.142857143	0	0	137	3	0
eol	0	46.15384615	53.84615385	0	0	6	7	0
epa	0	57.14285714	42.85714286	0	0	20	15	0
epi	0.200400802	78.55711423	21.24248497	0	1	392	106	0
epo	0	3.595505618	96.40449438	0	0	16	429	0
epp	1.70212766	98.29787234	0	0	8	462	0	0
eps	0	100	0	0	0	2	0	0
epu	6.25	93.75	0	0	1	15	0	0
equ	2.896341463	85.21341463	11.8902439	0	19	559	78	0
era	0	97.05882353	2.941176471	0	0	132	4	0
erb	0	96.49122807	3.50877193	0	0	220	8	0
erc	0	55	45	0	0	22	18	0
ere	18.69688385	75.07082153	6.232294618	0	66	265	22	0
erg	0	33.33333333	66.66666667	0	0	22	44	0
eri	4.347826087	71.73913043	23.91304348	0	4	66	22	0
erm	1.818181818	72.72727273	25.45454545	0	1	40	14	0
ern	0	100	0	0	0	78	0	0
ero	0	71.70818505	28.113879	0.177935943	0	403	158	1
err	0	99.11894273	0.881057269	0	0	450	4	0
ers	0	100	0	0	0	5	0	0
ert	0	100	0	0	0	14	0	0
eru	0	100	0	0	0	48	0	0
erz	0	100	0	0	0	1	0	0
esa	1.170351105	94.53836151	3.641092328	0.650195059	18	1454	56	10
esb	0	100	0	0	0	6	0	0
esc	8.942307692	82.78846154	8.173076923	0.096153846	93	861	85	1
ese	0.512820513	92.14574899	6.990553306	0.350877193	19	3414	259	13
esf	0	100	0	0	0	1	0	0
esi	1.380500431	73.51164797	25.1078516	0	32	1704	582	0
esk	0	20	80	0	0	2	8	0
esm	100	0	0	0	1	0	0	0
eso	4.11622276	71.91283293	23.97094431	0	17	297	99	0
esp	0.431143799	89.62718742	9.94166878	0	17	3534	392	0
esq	0	100	0	0	0	6	0	0
ess	3.360689094	80.2982004	16.31172002	0.029390487	2973	71035	14430	26
est	1.694915254	71.53821554	26.7668692	0	53	2237	837	0
esu	0	67	33	0	0	67	33	0
eta	96.42248722	3.577512777	0	0	566	21	0	0
ete	12.65306122	64.89795918	22.44897959	0	31	159	55	0
eti	1.102941176	45.95588235	52.94117647	0	3	125	144	0
etn	0	44.79166667	55.20833333	0	0	43	53	0
eto	0	34.61538462	65.38461538	0	0	9	17	0
etr	0	97.2972973	2.702702703	0	0	36	1	0
ett	0	24	76	0	0	24	76	0
euc	0	60	40	0	0	6	4	0
euf	0	79.24528302	20.75471698	0	0	42	11	0
eug	0	100	0	0	0	40	0	0
eum	0	0	100	0	0	0	2	0
eun	0	100	0	0	0	1	0	0
eup	0	100	0	0	0	6	0	0
eur	0.117716304	99.05826957	0.824014126	0	2	1683	14	0
eus	0	100	0	0	0	10	0	0
eut	0	100	0	0	0	18	0	0
eva	0.653594771	87.58169935	11.4379085	0.326797386	2	268	35	1
eve	5.501618123	92.8802589	1.618122977	0	34	574	10	0
evi	0.926640927	93.28185328	4.864864865	0.926640927	12	1208	63	12
evo	0.285714286	86	12.28571429	1.428571429	1	301	43	5
evv	0	100	0	0	0	20	0	0
exc	0	100	0	0	0	1	0	0
exp	29.16666667	70.83333333	0	0	7	17	0	0
ext	1.176470588	88.82352941	10	0	2	151	17	0
eze	0	100	0	0	0	6	0	0
ezi	0	100	0	0	0	17	0	0
fab	0.495867769	68.26446281	30.5785124	0.661157025	3	413	185	4
fac	8.998935037	56.6027689	34.18530351	0.212992545	169	1063	642	4
fad	0	100	0	0	0	3	0	0
fae	0	100	0	0	0	10	0	0
fag	0	100	0	0	0	77	0	0
fai	0	100	0	0	0	14	0	0
fal	3.448275862	95.27093596	1.18226601	0.098522167	35	967	12	1
fam	0.495615707	99.16126573	0.343118567	0	13	2601	9	0
fan	0.624349636	80.95733611	18.31425598	0.104058273	6	778	176	1
fao	0	100	0	0	0	2	0	0
far	2.308854639	92.71078876	4.980356603	0	382	15339	824	0
fas	0.081833061	83.63338789	16.28477905	0	1	1022	199	0
fat	1.617873652	96.53312789	1.848998459	0	42	2506	48	0
fau	0	96.42857143	3.571428571	0	0	108	4	0
fav	0.598802395	76.12275449	23.27844311	0	8	1017	311	0
faz	1.869158879	98.13084112	0	0	2	105	0	0
fe'	0	0	100	0	0	0	2	0
feb	0	99.74293059	0.257069409	0	0	388	1	0
fec	13.88888889	81.94444444	4.166666667	0	10	59	3	0
fed	6.510851419	90.40066778	3.088480801	0	78	1083	37	0
feg	0	0	100	0	0	0	58	0
fei	0	100	0	0	0	3	0	0
fel	19.59858323	79.10271547	1.298701299	0	166	670	11	0
fem	5.061082024	73.29842932	21.64048866	0	29	420	124	0
fen	0.274725275	19.78021978	79.94505495	0	1	72	291	0
feo	0	100	0	0	0	7	0	0
fer	4.298356511	91.08723135	4.614412137	0	136	2882	146	0
fes	2.276559865	68.63406408	29.08937605	0	27	814	345	0
fet	0.523560209	98.95287958	0.523560209	0	1	189	1	0
feu	0	92	8	0	0	23	2	0
fia	0.904605263	97.69736842	1.398026316	0	11	1188	17	0
fib	0	94.04761905	5.952380952	0	0	79	5	0
fic	3.571428571	91.07142857	5.357142857	0	2	51	3	0
fid	3.884572697	94.8945616	1.220865705	0	35	855	11	0
fie	0	94.50980392	5.490196078	0	0	241	14	0
fif	0	100	0	0	0	30	0	0
fig	0.495750708	96.56515581	2.939093484	0	14	2727	83	0
fii	0	100	0	0	0	1	0	0
fij	0	100	0	0	0	2	0	0
fil	0.597728631	83.50268978	15.89958159	0	10	1397	266	0
fim	0	100	0	0	0	3	0	0
fin	3.515181036	93.65968501	2.82513395	0	433	11537	348	0
fio	0.63559322	96.50423729	2.860169492	0	6	911	27	0
fir	1.376597837	96.85349066	1.769911504	0	14	985	18	0
fis	2.585688515	64.94287432	32.47143716	0	43	1080	540	0
fit	0	98.75	1.25	0	0	158	2	0
fiu	0	99.50372208	0.496277916	0	0	401	2	0
fla	0.564971751	96.04519774	3.389830508	0	1	170	6	0
fle	19.07894737	44.07894737	36.84210526	0	29	67	56	0
fli	0	100	0	0	0	21	0	0
flo	0	67.90123457	32.09876543	0	0	110	52	0
flu	2.830188679	93.39622642	3.773584906	0	6	198	8	0
foa	66.66666667	33.33333333	0	0	8	4	0	0
fob	0	63.63636364	36.36363636	0	0	7	4	0
foc	2.173913043	97.82608696	0	0	2	90	0	0
fod	0	44	56	0	0	11	14	0
foe	0	100	0	0	0	2	0	0
fof	33.33333333	66.66666667	0	0	1	2	0	0
fog	0	99.80392157	0.196078431	0	0	509	1	0
foi	0	100	0	0	0	11	0	0
fol	0	94.81481481	5.185185185	0	0	512	28	0
fom	30	70	0	0	3	7	0	0
fon	0.891530461	97.28826152	1.820208024	0	24	2619	49	0
for	0.66360388	93.55793772	5.778458397	0	65	9164	566	0
fos	0.568181818	79.54545455	19.88636364	0	1	140	35	0
fot	0.098716683	71.66831194	27.83810464	0.394866732	1	726	282	4
fra	2.122590427	94.30366039	3.573749188	0	98	4354	165	0
fre	0.374882849	93.95501406	5.482661668	0.187441425	8	2005	117	4
fri	1.628664495	73.61563518	24.75570033	0	5	226	76	0
fro	0	99.15388683	0.846113168	0	0	1875	16	0
fru	2.166666667	95	2.833333333	0	13	570	17	0
fub	0	100	0	0	0	1	0	0
fuc	0	100	0	0	0	137	0	0
fue	0	100	0	0	0	1	0	0
fuf	0	100	0	0	0	1	0	0
fug	1.432664756	95.98853868	2.578796562	0	10	670	18	0
fui	0	100	0	0	0	1	0	0
ful	1.477832512	55.66502463	42.85714286	0	3	113	87	0
fum	0.715990453	97.37470167	1.909307876	0	3	408	8	0
fun	2.84396618	90.54573405	6.610299769	0	37	1178	86	0
fuo	0.241545894	99.55716586	0.201288245	0	6	2473	5	0
fur	9.152542373	90.50847458	0.338983051	0	54	534	2	0
fus	3.496503497	92.30769231	4.195804196	0	5	132	6	0
fut	0.558035714	96.42857143	3.013392857	0	5	864	27	0
fux	0	100	0	0	0	2	0	0
ga'	0	100	0	0	0	2	0	0
gab	0.581395349	99.12790698	0.290697674	0	2	341	1	0
gad	0	100	0	0	0	20	0	0
gae	1.694915254	96.61016949	1.694915254	0	1	57	1	0
gaf	6.25	93.75	0	0	1	15	0	0
gag	4.545454545	90.90909091	4.545454545	0	1	20	1	0
gai	0	100	0	0	0	29	0	0
gak	0	100	0	0	0	2	0	0
gal	1.396348013	96.56283566	2.040816327	0	13	899	19	0
gam	0.371747212	94.79553903	4.832713755	0	2	510	26	0
gan	2.150537634	92.47311828	5.376344086	0	2	86	5	0
gar	2.243211334	93.21133412	4.545454545	0	38	1579	77	0
gas	3.501945525	51.3618677	45.13618677	0	9	132	116	0
gat	0	100	0	0	0	265	0	0
gau	0	100	0	0	0	24	0	0
gav	2.564102564	97.43589744	0	0	2	76	0	0
gay	0	100	0	0	0	100	0	0
gaz	0	100	0	0	0	144	0	0
ge'	0	100	0	0	0	2	0	0
ged	50	50	0	0	1	1	0	0
geg	100	0	0	0	1	0	0	0
gel	0.486618005	85.40145985	14.11192214	0	2	351	58	0
gem	0	82.08955224	17.91044776	0	0	165	36	0
gen	1.414756447	76.73710602	21.72277937	0.125358166	79	4285	1213	7
geo	0	39.11111111	60.88888889	0	0	88	137	0
gep	0	100	0	0	0	9	0	0
ger	1.775147929	88.28402367	9.940828402	0	15	746	84	0
ges	19.49838188	79.12621359	1.294498382	0.080906149	241	978	16	1
get	8.706467662	81.5920398	9.701492537	0	35	328	39	0
gha	0	100	0	0	0	3	0	0
ghe	0	100	0	0	0	135	0	0
ghi	0.632911392	95.56962025	3.797468354	0	2	302	12	0
gia	1.429171921	91.42496847	7.145859605	0	34	2175	170	0
gib	8	92	0	0	2	23	0	0
gif	0	100	0	0	0	8	0	0
gig	1.724137931	98.27586207	0	0	5	285	0	0
gil	24.74226804	75.25773196	0	0	24	73	0	0
gim	0	100	0	0	0	8	0	0
gin	1.154734411	76.21247113	22.63279446	0	5	330	98	0
gio	2.79558267	82.18395243	15.0204649	0	362	10642	1945	0
gip	0	100	0	0	0	7	0	0
gir	2.154951257	92.30374551	5.489994869	0.051308363	42	1799	107	1
gis	0	83.33333333	16.66666667	0	0	10	2	0
git	0	100	0	0	0	86	0	0
giu	0.36142599	82.17512732	17.13487761	0.328569082	22	5002	1043	20
giv	0	100	0	0	0	1	0	0
giz	0	100	0	0	0	3	0	0
gla	7.352941176	89.70588235	2.941176471	0	5	61	2	0
gle	0	100	0	0	0	2	0	0
gli	0	76.66666667	23.33333333	0	0	23	7	0
glo	1.393728223	96.16724739	2.43902439	0	4	276	7	0
glu	0	52	48	0	0	13	12	0
gno	0	92.85714286	7.142857143	0	0	26	2	0
gnu	0	100	0	0	0	28	0	0
goa	0	100	0	0	0	2	0	0
gob	6.666666667	93.33333333	0	0	1	14	0	0
goc	0	99	1	0	0	99	1	0
god	1.02739726	84.24657534	14.7260274	0	3	246	43	0
gof	0	91.17647059	8.823529412	0	0	31	3	0
gog	28.57142857	71.42857143	0	0	6	15	0	0
goi	0	100	0	0	0	6	0	0
gol	2.564102564	93.47319347	3.962703963	0	11	401	17	0
gom	0	64.48087432	35.51912568	0	0	118	65	0
gon	0	85.55956679	14.44043321	0	0	237	40	0
gor	2.02020202	64.14141414	33.83838384	0	4	127	67	0
gos	25	75	0	0	2	6	0	0
got	0	68.29268293	31.70731707	0	0	56	26	0
gov	0.847457627	98.2552343	0.897308076	0	17	1971	18	0
goz	0	70.58823529	29.41176471	0	0	12	5	0
gra	1.353461739	95.40864133	3.154606976	0.083289953	130	9164	303	8
gre	0.902255639	98.94736842	0.15037594	0	6	658	1	0
gri	7.90842872	88.24141519	3.850156087	0	76	848	37	0
gro	0.128534704	99.74293059	0.128534704	0	1	776	1	0
gru	0.142959257	99.35668335	0.500357398	0	2	1390	7	0
gua	6.662354463	86.77231565	6.565329884	0	206	2683	203	0
gub	0	100	0	0	0	11	0	0
guc	0	100	0	0	0	21	0	0
gud	0	100	0	0	0	2	0	0
gue	0.168491997	99.831508	0	0	2	1185	0	0
guf	0	100	0	0	0	9	0	0
gug	0	100	0	0	0	69	0	0
gui	0.787401575	97.37532808	1.837270341	0	9	1113	21	0
gul	88.78504673	11.21495327	0	0	95	12	0	0
gum	0	100	0	0	0	1	0	0
gun	0	100	0	0	0	3	0	0
gur	0	93.75	6.25	0	0	15	1	0
gus	2.843601896	96.20853081	0.947867299	0	12	406	4	0
gut	0	100	0	0	0	11	0	0
guz	0	100	0	0	0	32	0	0
hab	0	3.703703704	96.2962963	0	0	1	26	0
hag	100	0	0	0	1	0	0	0
hai	0	100	0	0	0	12	0	0
ham	43.47826087	56.52173913	0	0	10	13	0	0
han	0	100	0	0	0	34	0	0
has	100	0	0	0	8	0	0	0
hav	0	100	0	0	0	2	0	0
heg	0	100	0	0	0	3	0	0
hel	0	38.0952381	61.9047619	0	0	8	13	0
hen	78.57142857	17.85714286	3.571428571	0	22	5	1	0
her	0	25	75	0	0	1	3	0
hil	0	100	0	0	0	23	0	0
him	0	100	0	0	0	8	0	0
hip	0	100	0	0	0	10	0	0
hir	0	100	0	0	0	6	0	0
hit	0	100	0	0	0	85	0	0
hob	0	97.72727273	2.272727273	0	0	43	1	0
hom	0	0	100	0	0	0	1	0
hon	0	100	0	0	0	37	0	0
hor	0	100	0	0	0	7	0	0
hos	0	28.88888889	71.11111111	0	0	13	32	0
hum	0	100	0	0	0	8	0	0
hus	0	100	0	0	0	66	0	0
iac	0	96.55172414	3.448275862	0	0	28	1	0
ian	30	70	0	0	3	7	0	0
iap	0	100	0	0	0	3	0	0
ias	50	50	0	0	1	1	0	0
iat	0	100	0	0	0	5	0	0
ibe	0	38.0952381	61.9047619	0	0	8	13	0
ibi	0	100	0	0	0	20	0	0
ibl	0	100	0	0	0	1	0	0
ibr	0	0	100	0	0	0	16	0
ibs	0	100	0	0	0	4	0	0
ica	0	100	0	0	0	2	0	0
icc	100	0	0	0	2	0	0	0
ico	0	85.18518519	14.81481481	0	0	23	4	0
ics	0	100	0	0	0	2	0	0
ict	0	100	0	0	0	14	0	0
ida	0	100	0	0	0	14	0	0
idd	0	100	0	0	0	10	0	0
ide	11.85383244	78.65418895	9.135472371	0.356506239	266	1765	205	8
idi	0	84.3373494	15.6626506	0	0	70	13	0
ido	9.89010989	8.791208791	81.31868132	0	9	8	74	0
idr	0.581395349	46.51162791	52.90697674	0	1	80	91	0
idu	0	100	0	0	0	1	0	0
ie'	0	100	0	0	0	2	0	0
iel	0	100	0	0	0	5	0	0
ien	0	100	0	0	0	16	0	0
ier	0	99.95657838	0.043421624	0	0	2302	1	0
ies	0	100	0	0	0	7	0	0
iet	0	100	0	0	0	4	0	0
ifi	0	100	0	0	0	1	0	0
ige	0	100	0	0	0	8	0	0
igi	0	55.05617978	44.94382022	0	0	49	40	0
igl	0	100	0	0	0	3	0	0
ign	1.477832512	90.64039409	7.881773399	0	6	368	32	0
igo	0	100	0	0	0	19	0	0
igr	0	0	100	0	0	0	1	0
igu	0	100	0	0	0	4	0	0
ike	0	100	0	0	0	4	0	0
iki	0	100	0	0	0	2	0	0
il 	0	83.33333333	16.66666667	0	0	5	1	0
ila	8.695652174	73.91304348	17.39130435	0	2	17	4	0
ild	0	100	0	0	0	3	0	0
ile	0	100	0	0	0	6	0	0
ili	0	36.36363636	63.63636364	0	0	4	7	0
ill	4.012345679	77.57201646	17.38683128	1.028806584	39	754	169	10
ilo	0	100	0	0	0	14	0	0
ima	0	100	0	0	0	2	0	0
imb	2.13963964	92.34234234	5.518018018	0	19	820	49	0
ime	0	83.33333333	16.66666667	0	0	10	2	0
imi	0.840336134	81.51260504	10.92436975	6.722689076	1	97	13	8
imm	1.99803472	60.39960694	37.438585	0.163773338	61	1844	1143	5
imo	6.25	6.25	87.5	0	2	2	28	0
imp	2.02000198	86.68184969	11.19912863	0.099019705	204	8754	1131	10
imu	0	100	0	0	0	2	0	0
ina	4.582210243	69.00269542	26.28032345	0.134770889	34	512	195	1
inb	50	50	0	0	1	1	0	0
inc	3.207653348	79.68486213	17.09341587	0.014068655	228	5664	1215	1
ind	3.783044667	72.59191735	23.47310848	0.151929505	249	4778	1545	10
ine	1.398601399	41.81818182	56.78321678	0	10	299	406	0
inf	2.689640681	91.63689851	5.610422358	0.063038453	128	4361	267	3
ing	3.344343518	93.6416185	3.014037985	0	81	2268	73	0
ini	2.432778489	94.15279556	3.41442595	0	57	2206	80	0
ink	0	100	0	0	0	4	0	0
inn	1.202886929	87.00882117	11.7882919	0	15	1085	147	0
ino	0.73964497	96.44970414	2.810650888	0	5	652	19	0
inq	0	93.05389222	6.946107784	0	0	777	58	0
ins	1.619293712	87.88975022	10.37037037	0.120585702	94	5102	602	7
int	1.567070623	90.91795515	7.340855272	0.174118958	225	13054	1054	25
inu	1.799485861	20.5655527	77.63496144	0	7	80	302	0
inv	1.349325337	93.52323838	5.127436282	0	90	6238	342	0
inz	0	89.47368421	10.52631579	0	0	17	2	0
io'	0	0	100	0	0	0	2	0
iod	0	100	0	0	0	4	0	0
iol	0	100	0	0	0	11	0	0
ion	0	65.2173913	34.7826087	0	0	15	8	0
ior	0	100	0	0	0	3	0	0
ios	0	100	0	0	0	5	0	0
iot	0	100	0	0	0	27	0	0
ipa	0	100	0	0	0	5	0	0
ipe	6.172839506	70.37037037	23.45679012	0	5	57	19	0
ipn	0	77.08333333	22.91666667	0	0	37	11	0
ipo	0.148148148	23.85185185	76	0	1	161	513	0
ipp	0	17.1875	82.8125	0	0	11	53	0
ira	44.44444444	53.26797386	2.287581699	0	136	163	7	0
ire	0	100	0	0	0	64	0	0
iri	0	91.66666667	8.333333333	0	0	55	5	0
irl	0	100	0	0	0	103	0	0
irm	0	100	0	0	0	10	0	0
iro	0	62.21374046	37.78625954	0	0	163	99	0
irp	0	100	0	0	0	2	0	0
irr	8.220603538	54.21436004	37.46097815	0.104058273	79	521	360	1
irs	0	100	0	0	0	5	0	0
irt	0	100	0	0	0	5	0	0
isa	51.38888889	47.22222222	1.388888889	0	37	34	1	0
isc	0.581395349	87.20930233	12.20930233	0	2	300	42	0
ise	0	100	0	0	0	19	0	0
isg	80	20	0	0	4	1	0	0
isi	0	75	25	0	0	3	1	0
isl	0	33.82352941	66.17647059	0	0	46	90	0
ism	0	100	0	0	0	1	0	0
iso	0	44.29752066	55.70247934	0	0	268	337	0
isp	1.515151515	89.82683983	8.658008658	0	7	415	40	0
isr	0.920245399	97.54601227	1.533742331	0	3	318	5	0
iss	7.407407407	85.18518519	7.407407407	0	2	23	2	0
ist	0.585823081	96.13356766	3.280609256	0	10	1641	56	0
isv	0	100	0	0	0	4	0	0
ita	0.131603685	98.19514946	1.673246851	0	7	5223	89	0
ite	0	96.875	3.125	0	0	31	1	0
iti	0	94.18604651	5.813953488	0	0	81	5	0
ito	25	75	0	0	1	3	0	0
itr	0	100	0	0	0	2	0	0
itt	0	8	92	0	0	2	23	0
iug	0	100	0	0	0	41	0	0
iuz	0	100	0	0	0	1	0	0
iva	0	100	0	0	0	72	0	0
ive	0	100	0	0	0	8	0	0
ivi	0	100	0	0	0	13	0	0
ivo	0	100	0	0	0	6	0	0
ivr	0	100	0	0	0	27	0	0
izz	0	100	0	0	0	2	0	0
jac	0	25	75	0	0	5	15	0
jal	0	0	100	0	0	0	1	0
jan	0	100	0	0	0	16	0	0
jap	0	100	0	0	0	4	0	0
jat	0	100	0	0	0	6	0	0
jaz	0	50	50	0	0	4	4	0
jel	0	100	0	0	0	4	0	0
jer	0	100	0	0	0	18	0	0
jes	0	7.692307692	92.30769231	0	0	2	24	0
jim	0	100	0	0	0	15	0	0
jol	0	100	0	0	0	4	0	0
jon	0	100	0	0	0	2	0	0
jov	0	100	0	0	0	26	0	0
jud	0	100	0	0	0	1	0	0
jug	0	100	0	0	0	89	0	0
jul	0	100	0	0	0	45	0	0
jun	0	100	0	0	0	31	0	0
jup	0	0	100	0	0	0	5	0
jur	0	100	0	0	0	30	0	0
jut	0	100	0	0	0	3	0	0
juv	0	100	0	0	0	328	0	0
kaf	0	100	0	0	0	4	0	0
kai	0	0	100	0	0	0	9	0
kak	0	100	0	0	0	4	0	0
kal	0	0	100	0	0	0	9	0
kam	0	100	0	0	0	4	0	0
kan	0	100	0	0	0	8	0	0
kao	0	100	0	0	0	3	0	0
kap	45.16129032	54.83870968	0	0	14	17	0	0
kar	43.67816092	47.12643678	9.195402299	0	38	41	8	0
kas	0	100	0	0	0	3	0	0
kat	0	100	0	0	0	12	0	0
kaw	0	100	0	0	0	1	0	0
ke'	0	0	100	0	0	0	1	0
kef	0	100	0	0	0	1	0	0
kel	0	100	0	0	0	2	0	0
ken	0	38.59649123	61.40350877	0	0	44	70	0
kep	33.33333333	66.66666667	0	0	1	2	0	0
khe	0	100	0	0	0	1	0	0
kib	100	0	0	0	13	0	0	0
kig	0	100	0	0	0	7	0	0
kil	0	75	25	0	0	3	1	0
kim	0	100	0	0	0	5	0	0
kin	0	80	20	0	0	4	1	0
kip	40	60	0	0	2	3	0	0
kol	0	0	100	0	0	0	6	0
kom	6.666666667	93.33333333	0	0	1	14	0	0
kur	0	0	100	0	0	0	4	0
kuw	100	0	0	0	40	0	0	0
l'a	2.127659574	80.85106383	17.0212766	0	1	38	8	0
l'e	0	100	0	0	0	13	0	0
l'i	0	98.38709677	1.612903226	0	0	61	1	0
l'o	0	100	0	0	0	7	0	0
l'u	91.30434783	8.695652174	0	0	21	2	0	0
la'	50	0	50	0	1	0	1	0
lab	0.221238938	97.34513274	2.433628319	0	1	440	11	0
lac	2.670623145	38.27893175	58.7537092	0.296735905	9	129	198	1
lad	0	97.33333333	2.666666667	0	0	146	4	0
lae	0	100	0	0	0	6	0	0
laf	0	60	40	0	0	3	2	0
lag	13.45177665	85.53299492	1.015228426	0	53	337	4	0
lai	5.594405594	9.79020979	84.61538462	0	8	14	121	0
lal	36.36363636	63.63636364	0	0	4	7	0	0
lam	1.583113456	82.45382586	15.96306069	0	12	625	121	0
lan	4.537671233	90.49657534	4.965753425	0	53	1057	58	0
lao	0	100	0	0	0	3	0	0
lap	4.255319149	78.72340426	17.0212766	0	2	37	8	0
lar	0.412371134	99.17525773	0.412371134	0	2	481	2	0
las	8.544726302	81.87583445	9.546061415	0.033377837	256	2453	286	1
lat	0.81871345	94.03508772	4.912280702	0.233918129	7	804	42	2
lau	0.769230769	75.8974359	23.33333333	0	3	296	91	0
lav	0.677637948	95.81316554	3.48499516	0.024201355	28	3959	144	1
laz	0	87.09677419	12.90322581	0	0	270	40	0
le'	0	100	0	0	0	4	0	0
lea	30.76923077	69.23076923	0	0	24	54	0	0
leb	0	100	0	0	0	28	0	0
lec	3.012048193	69.27710843	27.71084337	0	5	115	46	0
led	0	68.75	31.25	0	0	11	5	0
lef	0	100	0	0	0	2	0	0
leg	1.320858558	90.31370391	8.328747019	0.036690516	72	4923	454	2
lei	0	100	0	0	0	61	0	0
lel	0	100	0	0	0	37	0	0
lem	0	91.17647059	8.823529412	0	0	31	3	0
len	0	99.62049336	0.379506641	0	0	525	2	0
leo	4.016064257	94.97991968	1.004016064	0	20	473	5	0
lep	0	79.31034483	20.68965517	0	0	23	6	0
ler	0	66.66666667	33.33333333	0	0	4	2	0
les	0	75.69060773	23.75690608	0.552486188	0	137	43	1
let	0.042955326	71.52061856	28.43642612	0	1	1665	662	0
leu	0	100	0	0	0	11	0	0
lev	5.70719603	87.59305211	6.699751861	0	23	353	27	0
lez	0	100	0	0	0	203	0	0
lia	0	100	0	0	0	14	0	0
lib	13.70026922	61.11277296	24.85791206	0.329045767	458	2043	831	11
lic	1.302083333	96.61458333	2.083333333	0	5	371	8	0
lid	0	100	0	0	0	34	0	0
lie	0.429184549	96.13733906	2.575107296	0.858369099	1	224	6	2
lig	0	60.26490066	39.73509934	0	0	91	60	0
lil	4	93.33333333	2.666666667	0	3	70	2	0
lim	1.760268231	48.11399832	48.95222129	1.173512154	21	574	584	14
lin	1.308411215	48.16199377	50.52959502	0	21	773	811	0
lio	0	100	0	0	0	32	0	0
lip	0	87.5	12.5	0	0	70	10	0
liq	4.745762712	52.20338983	42.71186441	0.338983051	14	154	126	1
lir	0	92.29595728	7.704042715	0	0	1210	101	0
lis	0.18115942	98.73188406	1.086956522	0	1	545	6	0
lit	0.627615063	89.74895397	8.368200837	1.255230126	3	429	40	6
liu	0	100	0	0	0	5	0	0
liv	0	94.74313023	5.256869773	0	0	793	44	0
liz	0	98.11320755	1.886792453	0	0	52	1	0
llo	0	100	0	0	0	1	0	0
lob	0	100	0	0	0	54	0	0
loc	10.25641026	88.74024526	1.003344482	0	92	796	9	0
lod	1	84	15	0	1	84	15	0
log	0	28.66242038	71.01910828	0.318471338	0	90	223	1
loi	0	83.33333333	16.66666667	0	0	15	3	0
lol	0	82.14285714	17.85714286	0	0	23	5	0
lom	0	99.73753281	0.262467192	0	0	380	1	0
lon	0.736919676	98.15770081	1.105379514	0	10	1332	15	0
lop	0	87.5	12.5	0	0	28	4	0
loq	14.28571429	85.71428571	0	0	1	6	0	0
lor	0.05242464	99.89515072	0.05242464	0	2	3811	2	0
los	0	100	0	0	0	31	0	0
lot	1.724137931	95	3.275862069	0	10	551	19	0
lou	0	100	0	0	0	42	0	0
lov	0	100	0	0	0	6	0	0
loy	0	100	0	0	0	2	0	0
loz	0	100	0	0	0	14	0	0
lta	0	100	0	0	0	2	0	0
lu'	0	0	100	0	0	0	2	0
lua	0	100	0	0	0	3	0	0
lub	2.5	97.5	0	0	1	39	0	0
luc	1.996672213	91.07043816	6.877426511	0.055463117	36	1642	124	1
lud	0	83.33333333	16.66666667	0	0	40	8	0
luf	0	100	0	0	0	6	0	0
lug	0	97.61904762	2.380952381	0	0	451	11	0
lui	0	99.57894737	0.421052632	0	0	473	2	0
lul	20.51282051	79.48717949	0	0	8	31	0	0
lum	7.391304348	92.17391304	0.434782609	0	17	212	1	0
lun	9.418374091	89.59021811	0.991407799	0	285	2711	30	0
luo	0	100	0	0	0	744	0	0
lup	0	98.17073171	1.829268293	0	0	161	3	0
lur	0	40	60	0	0	2	3	0
lus	0.347222222	98.61111111	1.041666667	0	1	284	3	0
lut	0	100	0	0	0	71	0	0
lux	0	87.5	12.5	0	0	7	1	0
luz	0	100	0	0	0	23	0	0
lyc	0	100	0	0	0	1	0	0
lyd	0	100	0	0	0	18	0	0
ma'	0	0	100	0	0	0	2	0
mab	60	20	20	0	3	1	1	0
mac	3.269961977	37.94676806	58.70722433	0.076045627	43	499	772	1
mad	9.499024073	90.3057905	0.195185426	0	146	1388	3	0
mae	7.83847981	92.16152019	0	0	33	388	0	0
maf	0	100	0	0	0	515	0	0
mag	9.509139454	83.75436435	6.7364962	0	463	4078	328	0
mah	0	100	0	0	0	21	0	0
mai	0	98.64743012	1.352569883	0	0	3282	45	0
maj	0	100	0	0	0	6	0	0
mak	100	0	0	0	1	0	0	0
mal	1.295336788	93.94430052	4.760362694	0	40	2901	147	0
mam	4.433497537	88.34154351	7.224958949	0	27	538	44	0
man	1.785072481	87.87588355	10.32706362	0.011980352	149	7335	862	1
mao	0	100	0	0	0	36	0	0
map	0	100	0	0	0	75	0	0
mar	4.7835105	91.78117708	3.435312419	0	369	7080	265	0
mas	0.678989061	56.99735949	42.17276499	0.150886458	18	1511	1118	4
mat	3.412073491	92.94254885	3.645377661	0	117	3187	125	0
mau	0.260416667	99.73958333	0	0	1	383	0	0
max	1.19047619	85.71428571	13.0952381	0	1	72	11	0
may	0	100	0	0	0	7	0	0
maz	1.340482574	98.39142091	0.268096515	0	5	367	1	0
mcd	0	100	0	0	0	7	0	0
me'	0	87.5	12.5	0	0	7	1	0
mea	0	100	0	0	0	12	0	0
mec	2.412868633	62.19839142	35.38873995	0	9	232	132	0
med	1.482820976	60.54249548	37.97468354	0	41	1674	1050	0
mef	0	0	100	0	0	0	3	0
meg	0.142450142	98.36182336	1.495726496	0	2	1381	21	0
mei	0	100	0	0	0	13	0	0
mel	0.261780105	90.83769634	8.90052356	0	1	347	34	0
mem	0	91.93776521	8.062234795	0	0	650	57	0
men	2.539522368	96.87184662	0.588631012	0	151	5760	35	0
meo	0	100	0	0	0	6	0	0
mer	10.499002	73.09381238	15.12974052	1.27744511	263	1831	379	32
mes	0.203488372	95.05813953	4.447674419	0.290697674	7	3270	153	10
met	10.352	61.072	28.432	0.144	647	3817	1777	9
meu	0	100	0	0	0	10	0	0
mez	0.091240876	99.86313869	0.045620438	0	2	2189	1	0
mia	2.127659574	97.87234043	0	0	1	46	0	0
mic	6.784968685	60.33402923	32.88100209	0	65	578	315	0
mid	9.090909091	90.90909091	0	0	3	30	0	0
mie	0	99.01960784	0.980392157	0	0	101	1	0
mig	10.16451234	88.77790834	1.057579318	0	173	1511	18	0
mii	0	100	0	0	0	2	0	0
mik	0	50	50	0	0	1	1	0
mil	0.17699115	98.72021784	1.08917631	0.013614704	13	7251	80	1
mim	6.329113924	68.35443038	25.3164557	0	5	54	20	0
min	1.033016002	88.39376139	10.5732226	0	51	4364	522	0
mio	0	99.75350777	0.246492226	0	0	5261	13	0
mir	2.145922747	58.79828326	39.05579399	0	15	411	273	0
mis	0.485908649	88.96987366	10.54421769	0	10	1831	217	0
mit	0	79.84732824	19.84732824	0.305343511	0	523	130	2
miu	0	100	0	0	0	2	0	0
mix	0	100	0	0	0	20	0	0
mne	0	0	100	0	0	0	6	0
moa	0	100	0	0	0	33	0	0
mob	12.17798595	19.67213115	66.97892272	1.170960187	52	84	286	5
moc	0	84.61538462	15.38461538	0	0	11	2	0
mod	2.214930271	92.37079573	5.291222313	0.123051682	108	4504	258	6
moe	0	100	0	0	0	1	0	0
mof	0	100	0	0	0	7	0	0
mog	0	99.32950192	0.670498084	0	0	1037	7	0
moi	0	40	60	0	0	2	3	0
mok	80	20	0	0	4	1	0	0
mol	0.238549618	96.86704835	2.592239186	0.30216285	15	6091	163	19
mom	0	99.23728814	0.762711864	0	0	2342	18	0
mon	1.239925604	89.41413515	9.345939244	0	80	5769	603	0
mor	5.448555499	88.84946782	5.625950329	0.076026356	215	3506	222	3
mos	4.09694172	88.92094634	6.982111945	0	71	1541	121	0
mot	0.85978836	97.75132275	1.388888889	0	13	1478	21	0
mou	0	100	0	0	0	1	0	0
mov	0.15600624	99.84399376	0	0	1	640	0	0
moz	1.204819277	98.19277108	0.602409639	0	2	163	1	0
muc	0	62.75862069	37.24137931	0	0	91	54	0
mue	0	100	0	0	0	3	0	0
muf	0	100	0	0	0	14	0	0
mug	5.882352941	84.31372549	9.803921569	0	3	43	5	0
mul	1.36239782	89.64577657	8.991825613	0	5	329	33	0
mum	0	100	0	0	0	12	0	0
mun	2.884615385	94.71153846	2.403846154	0	6	197	5	0
muo	1.957295374	62.63345196	35.40925267	0	11	352	199	0
mur	0.559701493	98.32089552	1.119402985	0	3	527	6	0
mus	1.189189189	59.02702703	39.78378378	0	22	1092	736	0
mut	1.515151515	87.68939394	10.79545455	0	8	463	57	0
muz	0	100	0	0	0	20	0	0
nab	20	60	20	0	2	6	2	0
nac	25	25	50	0	1	1	2	0
nad	3.448275862	96.55172414	0	0	1	28	0	0
naf	0	100	0	0	0	16	0	0
nai	0	75	25	0	0	9	3	0
nal	0	100	0	0	0	7	0	0
nam	0	100	0	0	0	10	0	0
nan	0	97.94520548	2.054794521	0	0	143	3	0
nao	0	100	0	0	0	23	0	0
nap	0	37.99237611	62.00762389	0	0	299	488	0
nar	2.966101695	88.55932203	8.474576271	0	7	209	20	0
nas	0.48392672	76.84064984	22.64085724	0.034566194	14	2223	655	1
nat	1.12249878	97.07174231	1.805758907	0	23	1989	37	0
nau	3.225806452	48.38709677	48.38709677	0	4	60	60	0
nav	0.884955752	95.3539823	3.097345133	0.663716814	4	431	14	3
naz	4.457478006	95.19061584	0.351906158	0	76	1623	6	0
nea	0	98.92473118	1.075268817	0	0	368	4	0
neb	0	100	0	0	0	118	0	0
nec	28.73134328	67.91044776	2.798507463	0.559701493	308	728	30	6
ned	0	100	0	0	0	1	0	0
nef	0	78.26086957	21.73913043	0	0	18	5	0
neg	1.171875	97.03125	1.796875	0	15	1242	23	0
nel	0	100	0	0	0	6	0	0
nem	0.12180268	99.63459196	0.243605359	0	1	818	2	0
nen	11.11111111	88.88888889	0	0	2	16	0	0
neo	0	85.26315789	14.73684211	0	0	243	42	0
nep	2.240325866	97.75967413	0	0	11	480	0	0
neq	0	100	0	0	0	1	0	0
ner	0	99.77989729	0.220102715	0	0	1360	3	0
nes	20.72192513	79.05525847	0.222816399	0	465	1774	5	0
net	0	93.16239316	6.837606838	0	0	218	16	0
neu	5.23255814	73.25581395	21.51162791	0	9	126	37	0
nev	0.313479624	89.96865204	9.717868339	0	1	287	31	0
new	45.94594595	52.7027027	1.351351351	0	34	39	1	0
nia	0	100	0	0	0	4	0	0
nib	0	100	0	0	0	3	0	0
nic	14.02985075	82.3880597	3.582089552	0	47	276	12	0
nid	0	88.75	6.25	5	0	71	5	4
nie	0	100	0	0	0	1188	0	0
nig	1.5625	98.4375	0	0	1	63	0	0
nik	0	100	0	0	0	5	0	0
nil	0	100	0	0	0	24	0	0
nim	60	40	0	0	3	2	0	0
nin	1.388888889	94.44444444	4.166666667	0	2	136	6	0
nip	0	85.62874251	14.37125749	0	0	143	24	0
nir	0	100	0	0	0	28	0	0
nis	7.407407407	88.88888889	3.703703704	0	2	24	1	0
nit	0	68.85245902	31.14754098	0	0	42	19	0
niu	0	100	0	0	0	2	0	0
niv	0	16.66666667	83.33333333	0	0	2	10	0
nix	0	100	0	0	0	16	0	0
niz	0	100	0	0	0	40	0	0
nob	12.14285714	39.28571429	48.57142857	0	34	110	136	0
noc	0.625	73.125	26.25	0	1	117	42	0
nod	0	98.03921569	1.960784314	0	0	100	2	0
noe	53.33333333	33.33333333	13.33333333	0	8	5	2	0
nof	0	100	0	0	0	1	0	0
nog	0	100	0	0	0	5	0	0
noi	0	100	0	0	0	2155	0	0
nol	0	100	0	0	0	53	0	0
nom	0.320855615	89.78609626	9.893048128	0	6	1679	185	0
non	11.37487636	88.52621167	0.098911968	0	115	895	1	0
nor	2.961672474	94.07665505	2.961672474	0	34	1080	34	0
nos	0	99.14261217	0.857387825	0	0	3469	30	0
not	1.571428571	92.11428571	6.314285714	0	55	3224	221	0
nov	24.72006891	73.81567614	1.464254953	0	287	857	17	0
noz	0	97.77777778	2.222222222	0	0	220	5	0
nub	0	80.35714286	19.64285714	0	0	45	11	0
nuc	0	54.76190476	45.23809524	0	0	161	133	0
nud	5	95	0	0	13	247	0	0
nug	0	0	100	0	0	0	8	0
nul	0.950734659	99.04926534	0	0	11	1146	0	0
num	0	26.99669967	73.00330033	0	0	409	1106	0
nun	0	100	0	0	0	19	0	0
nuo	0.05790388	99.55607026	0.386025864	0	3	5158	20	0
nur	0	0	100	0	0	0	1	0
nus	0	100	0	0	0	2	0	0
nut	0.772200772	91.50579151	7.722007722	0	2	237	20	0
nuv	0	10.28037383	89.71962617	0	0	11	96	0
nuz	0	100	0	0	0	19	0	0
nyl	0	100	0	0	0	4	0	0
o'h	0	0	100	0	0	0	4	0
oas	0	0	100	0	0	0	26	0
obb	2.368866328	61.4213198	35.53299492	0.676818951	14	363	210	4
obc	0	0	100	0	0	0	1	0
obe	33.33333333	54.54545455	12.12121212	0	11	18	4	0
obi	3.423423423	96.21621622	0.36036036	0	19	534	2	0
obl	19.51219512	80.48780488	0	0	8	33	0	0
obn	0	100	0	0	0	1	0	0
obo	0	0	100	0	0	0	9	0
obr	100	0	0	0	1	0	0	0
obs	0	100	0	0	0	8	0	0
oca	0	100	0	0	0	38	0	0
occ	0.889284126	92.77456647	5.202312139	1.133837261	40	4173	234	51
oce	0	2.631578947	97.36842105	0	0	3	111	0
och	0	100	0	0	0	3	0	0
ocl	0	100	0	0	0	1	0	0
ocr	0	100	0	0	0	8	0	0
ocu	0	94.44444444	5.555555556	0	0	34	2	0
oda	0	100	0	0	0	19	0	0
odd	0	100	0	0	0	23	0	0
ode	0	71.42857143	28.57142857	0	0	15	6	0
odi	1.013513514	95.60810811	3.378378378	0	3	283	10	0
odo	3.645833333	92.70833333	3.645833333	0	7	178	7	0
ofa	0	0	100	0	0	0	3	0
ofe	0	100	0	0	0	4	0	0
off	2.00970201	90.22869023	7.761607762	0	29	1302	112	0
oft	0	0	100	0	0	0	4	0
ogg	0.222504768	99.68213605	0.095359186	0	7	3136	3	0
ogi	0	100	0	0	0	19	0	0
ogl	0	100	0	0	0	2	0	0
ogn	0.057372347	99.94262765	0	0	2	3484	0	0
ohi	100	0	0	0	2	0	0	0
oka	0	100	0	0	0	23	0	0
okt	100	0	0	0	1	0	0	0
ola	1.895734597	98.1042654	0	0	4	207	0	0
olb	0	100	0	0	0	7	0	0
olc	0	100	0	0	0	1	0	0
ole	0	90.625	9.375	0	0	29	3	0
olf	0	100	0	0	0	13	0	0
olg	0	100	0	0	0	32	0	0
oli	0.135501355	70.05420054	29.8102981	0	1	517	220	0
oll	0	100	0	0	0	3	0	0
olm	0	100	0	0	0	12	0	0
olo	0	100	0	0	0	38	0	0
olt	0.421407501	98.3986515	1.179941003	0	10	2335	28	0
oly	0	100	0	0	0	3	0	0
oma	0	100	0	0	0	181	0	0
omb	0	99.75490196	0.245098039	0	0	407	1	0
ome	14.47368421	60.52631579	25	0	11	46	19	0
omi	0	98.45814978	1.54185022	0	0	447	7	0
omn	0	60	40	0	0	9	6	0
omo	13.50364964	53.64963504	32.84671533	0	37	147	90	0
omu	0	25	75	0	0	1	3	0
ona	0	94.11764706	5.882352941	0	0	16	1	0
onc	0	65	35	0	0	13	7	0
ond	0	98.70609982	1.293900185	0	0	534	7	0
one	23.63636364	55.45454545	20.90909091	0	52	122	46	0
ong	0	0	100	0	0	0	3	0
oni	0	7.407407407	92.59259259	0	0	2	25	0
onn	0	86.84210526	13.15789474	0	0	33	5	0
ono	0.811359026	77.89046653	21.29817444	0	4	384	105	0
ont	0	71.42857143	28.57142857	0	0	15	6	0
onu	0	100	0	0	0	201	0	0
opa	2.272727273	97.72727273	0	0	1	43	0	0
ope	0.57319224	58.42151675	39.28571429	1.71957672	13	1325	891	39
opi	0	98.7654321	1.234567901	0	0	320	4	0
opl	87.5	12.5	0	0	7	1	0	0
opo	0	100	0	0	0	11	0	0
opp	7.660332542	90.91448931	1.425178147	0	129	1531	24	0
opt	10	74	16	0	5	37	8	0
opu	0	47.22222222	52.77777778	0	0	17	19	0
opz	0	100	0	0	0	34	0	0
ora	0	99.71910112	0.280898876	0	0	4970	14	0
orb	0	41.42857143	55.71428571	2.857142857	0	29	39	2
orc	0	100	0	0	0	263	0	0
ord	2.422407267	35.88190765	61.39288418	0.302800908	32	474	811	4
ore	1.290322581	90.32258065	8.387096774	0	4	280	26	0
orf	0	38.46153846	61.53846154	0	0	45	72	0
org	0.477200424	83.77518558	15.747614	0	9	1580	297	0
ori	2.013422819	68.30723341	29.60477256	0.074571216	27	916	397	1
orl	0	100	0	0	0	197	0	0
orm	0	100	0	0	0	1298	0	0
orn	1.098901099	91.20879121	7.692307692	0	1	83	7	0
oro	0	95.94155844	4.058441558	0	0	591	25	0
orp	0	100	0	0	0	6	0	0
orr	1.694915254	65.25423729	33.05084746	0	4	154	78	0
ors	0.740740741	96.2962963	2.962962963	0	1	130	4	0
ort	0	93.02325581	6.976744186	0	0	160	12	0
orv	0	100	0	0	0	5	0	0
orz	0	100	0	0	0	8	0	0
osa	5.161290323	87.09677419	7.741935484	0	8	135	12	0
osb	0	100	0	0	0	1	0	0
osc	9.019607843	87.64705882	3.333333333	0	46	447	17	0
ose	88.88888889	11.11111111	0	0	8	1	0	0
osi	0	66.66666667	33.33333333	0	0	4	2	0
osk	0	100	0	0	0	7	0	0
osl	0	100	0	0	0	28	0	0
osm	0	100	0	0	0	7	0	0
osp	4.533333333	63.11111111	31.02222222	1.333333333	51	710	349	15
oss	3.159557662	85.22906793	11.53238547	0.078988942	40	1079	146	1
ost	6.131386861	65.83941606	27.15328467	0.875912409	42	451	186	6
osv	0	100	0	0	0	7	0	0
ota	0	100	0	0	0	2	0	0
ote	0	100	0	0	0	10	0	0
oti	0	100	0	0	0	12	0	0
oto	0	77.77777778	22.22222222	0	0	7	2	0
otr	0	25	75	0	0	1	3	0
ott	0.596282006	84.70712031	14.69659769	0	17	2415	419	0
ova	3.921568627	92.15686275	3.921568627	0	2	47	2	0
ove	0	100	0	0	0	167	0	0
ovi	0	100	0	0	0	20	0	0
ovo	0	100	0	0	0	7	0	0
ovu	0	94.11764706	5.882352941	0	0	112	7	0
ovv	0.623700624	98.96049896	0.415800416	0	3	476	2	0
oxf	0	100	0	0	0	32	0	0
oxi	0	100	0	0	0	4	0	0
ozi	0	100	0	0	0	29	0	0
ozo	0	100	0	0	0	38	0	0
pa'	0	0	100	0	0	0	1	0
pab	0	100	0	0	0	20	0	0
pac	0	91.57303371	8.426966292	0	0	815	75	0
pad	0.391772772	94.12340842	5.484818805	0	8	1922	112	0
pae	0	99.50980392	0.490196078	0	0	2030	10	0
paf	0	100	0	0	0	4	0	0
pag	2.109492717	66.95128076	30.93922652	0	42	1333	616	0
pai	0	100	0	0	0	366	0	0
pak	0	30.76923077	69.23076923	0	0	4	9	0
pal	0.749918487	88.97945875	10.23801761	0.032605152	23	2729	314	1
pam	10.90909091	87.27272727	1.818181818	0	6	48	1	0
pan	1.488673139	85.63106796	12.8802589	0	23	1323	199	0
pao	0.446428571	5.580357143	93.97321429	0	4	50	842	0
pap	39.87951807	55.42168675	4.698795181	0	331	460	39	0
par	1.77855596	93.96857577	4.027093029	0.225775238	386	20394	874	49
pas	3.067276733	92.84866972	4.033214709	0.050838841	181	5479	238	3
pat	3.651685393	89.49438202	6.853932584	0	65	1593	122	0
pau	0	99.88372093	0.11627907	0	0	859	1	0
pav	2.931596091	95.43973941	1.628664495	0	9	293	5	0
pax	0	100	0	0	0	4	0	0
paz	0	100	0	0	0	621	0	0
pe'	0	80	20	0	0	4	1	0
pea	0	100	0	0	0	1	0	0
pec	4.081632653	76.64399093	19.27437642	0	18	338	85	0
ped	5.475504323	83.28530259	11.23919308	0	19	289	39	0
peg	4.680851064	91.27659574	4.042553191	0	22	429	19	0
pei	0	100	0	0	0	2	0	0
pel	0.626304802	86.43006263	12.94363257	0	6	828	124	0
pen	2.241098861	89.13789987	8.440267486	0.180733779	124	4932	467	10
peo	0	100	0	0	0	1	0	0
pep	3.461538462	93.46153846	3.076923077	0	9	243	8	0
per	42.68135642	46.17255688	11.11270091	0.033385797	8949	9681	2330	7
pes	0.374331551	91.92513369	7.700534759	0	7	1719	144	0
pet	0.576368876	85.15850144	14.26512968	0	4	591	99	0
pev	0	100	0	0	0	4	0	0
pez	0	100	0	0	0	597	0	0
pho	0	0	100	0	0	0	1	0
pia	0.483494498	93.33111037	6.185395132	0	29	5598	371	0
pic	0.52238806	15.37313433	84.10447761	0	14	412	2254	0
pid	0	100	0	0	0	97	0	0
pie	1.970580072	96.94698862	1.082431307	0	71	3493	39	0
pif	0	85.71428571	14.28571429	0	0	6	1	0
pig	0.558659218	96.08938547	3.351955307	0	1	172	6	0
pil	3.225806452	82.58064516	14.19354839	0	15	384	66	0
pim	0	100	0	0	0	4	0	0
pin	2.312138728	95.95375723	1.734104046	0	8	332	6	0
pio	2.258064516	90.48387097	7.258064516	0	14	561	45	0
pip	5.970149254	94.02985075	0	0	8	126	0	0
pir	1.587301587	73.41269841	25	0	4	185	63	0
pis	0	98.91696751	1.083032491	0	0	822	9	0
pit	2.786377709	89.16408669	8.049535604	0	9	288	26	0
piu	0	100	0	0	0	732	0	0
piv	0	98.33333333	1.666666667	0	0	59	1	0
piz	0.465116279	78.60465116	20.93023256	0	1	169	45	0
pla	5.759162304	56.19546248	38.04537522	0	33	322	218	0
ple	3.448275862	87.93103448	8.620689655	0	2	51	5	0
pli	0	100	0	0	0	25	0	0
plo	0	100	0	0	0	19	0	0
plu	9.090909091	74.54545455	16.36363636	0	10	82	18	0
pne	0	7.843137255	92.15686275	0	0	4	47	0
poa	0	100	0	0	0	2	0	0
poc	0	96.42305713	3.576942872	0	0	3747	139	0
pod	16.94915254	80.50847458	2.542372881	0	20	95	3	0
poe	0	84.68899522	15.31100478	0	0	354	64	0
pog	0.909090909	95.45454545	3.636363636	0	1	105	4	0
poi	6.303205941	93.69679406	0	0	348	5173	0	0
pok	0	95.23809524	4.761904762	0	0	20	1	0
pol	0.294009555	38.91951488	60.78647556	0	16	2118	3308	0
pom	0.328587076	99.23329682	0.438116101	0	3	906	4	0
pon	0.470588235	89.41176471	10.11764706	0	2	380	43	0
pop	3.895131086	66.5917603	29.51310861	0	52	889	394	0
por	3.638235799	89.17110005	7.19066415	0	212	5196	419	0
pos	10.99429793	65.11047755	23.89522452	0	617	3654	1341	0
pot	10.53947094	70.80816497	18.65236409	0	1012	6799	1791	0
pov	7.936507937	10.31746032	81.74603175	0	50	65	515	0
poz	0	94.26229508	5.737704918	0	0	115	7	0
pra	0.935745477	54.83468497	43.54335621	0.68621335	15	879	698	11
pre	1.430793157	89.41124195	8.793601422	0.364363475	322	20122	1979	82
pri	0.381959747	96.51094462	3.107095637	0	52	13139	423	0
pro	2.497837744	86.51790348	10.87009168	0.114167099	722	25008	3142	33
pru	0	99.46524064	0.534759358	0	0	186	1	0
pse	0	40	60	0	0	12	18	0
psi	0.138121547	34.39226519	65.46961326	0	1	249	474	0
pso	0	0	100	0	0	0	4	0
pub	6.487025948	25.6154358	67.89753826	0	195	770	2041	0
puc	0	100	0	0	0	48	0	0
pud	0	100	0	0	0	49	0	0
pue	0	76.92307692	23.07692308	0	0	10	3	0
puf	0	100	0	0	0	6	0	0
pug	0	88.39285714	11.60714286	0	0	297	39	0
pul	0.15128593	94.70499244	4.387291982	0.756429652	1	626	29	5
pum	0	100	0	0	0	2	0	0
pun	0.968783638	97.5780409	1.426264801	0.026910657	36	3626	53	1
pup	0	98.66666667	1.333333333	0	0	74	1	0
pur	5.50397878	93.56763926	0.862068966	0.066312997	83	1411	13	1
pus	0	75	25	0	0	3	1	0
put	0	92.1875	7.8125	0	0	59	5	0
puv	100	0	0	0	1	0	0	0
puz	0	91.30434783	8.695652174	0	0	42	4	0
qua	3.059112167	94.6408035	2.296250863	0.003833474	798	24688	599	1
que	0	99.99603316	0.003966837	0	0	25208	1	0
qui	0	89.589169	10.410831	0	0	1919	223	0
quo	1.180637544	98.81936246	0	0	10	837	0	0
rab	24.84662577	74.23312883	0.920245399	0	81	242	3	0
rac	2.675367047	87.34094617	9.983686786	0	82	2677	306	0
rad	1.977848101	92.00949367	6.012658228	0	25	1163	76	0
raf	1.210653753	89.10411622	9.685230024	0	10	736	80	0
rag	0.768431983	89.69885774	9.53271028	0	37	4319	459	0
rai	7.25388601	92.74611399	0	0	42	537	0	0
ral	5.633802817	86.61971831	7.746478873	0	8	123	11	0
ram	1.01010101	90.15151515	8.838383838	0	4	357	35	0
ran	0.36101083	93.14079422	6.498194946	0	1	258	18	0
rap	1.729016033	88.05407105	10.21691292	0	55	2801	325	0
rar	5.882352941	94.11764706	0	0	16	256	0	0
ras	2.809917355	94.21487603	2.975206612	0	17	570	18	0
rat	4.895104895	76.22377622	18.88111888	0	7	109	27	0
rau	60	40	0	0	39	26	0	0
rav	1.485148515	88.11881188	10.3960396	0	3	178	21	0
raz	3.49127182	94.76309227	1.496259352	0.249376559	14	380	6	1
re'	100	0	0	0	3	0	0	0
rea	35.06963788	63.00835655	1.922005571	0	1259	2262	69	0
reb	1.851851852	94.44444444	3.703703704	0	1	51	2	0
rec	1.714285714	76.38095238	21	0.904761905	36	1604	441	19
red	2.996254682	42.88389513	54.11985019	0	16	229	289	0
ree	0	100	0	0	0	1	0	0
ref	0.307692308	98.76923077	0.923076923	0	1	321	3	0
reg	1.275083612	84.74080268	13.58695652	0.397157191	61	4054	650	19
rei	0.574712644	89.08045977	9.770114943	0.574712644	1	155	17	1
rel	4	95.46153846	0.538461538	0	52	1241	7	0
rem	1.117318436	96.08938547	2.793296089	0	2	172	5	0
ren	4.752066116	66.78719008	27.89256198	0.568181818	92	1293	540	11
reo	0	100	0	0	0	23	0	0
rep	3.743654822	50	45.74873096	0.507614213	59	788	721	8
req	0.934579439	99.06542056	0	0	1	106	0	0
res	9.30186434	72.43157477	18.24672749	0.019833399	469	3652	920	1
ret	0.518134715	89.89637306	9.585492228	0	6	1041	111	0
reu	0	56.25	43.75	0	0	9	7	0
rev	5.797101449	82.12560386	12.07729469	0	12	170	25	0
rez	0	0	100	0	0	0	7	0
ria	3.734939759	85.42168675	10.48192771	0.361445783	31	709	87	3
rib	4.927884615	90.02403846	5.048076923	0	41	749	42	0
ric	1.382113821	88.26219512	10.27439024	0.081300813	136	8685	1011	8
rid	1.545117429	78.55377009	19.71569839	0.185414091	25	1271	319	3
rie	3.929679421	82.21302999	13.44364012	0.413650465	38	795	130	4
rif	2.433333333	89.13333333	8.433333333	0	73	2674	253	0
rig	2.59235256	83.99222294	13.35061568	0.064808814	40	1296	206	1
rii	0	100	0	0	0	48	0	0
ril	0.323974082	94.38444924	5.291576674	0	3	874	49	0
rim	1.836119485	86.16059194	11.67443135	0.328857221	67	3144	426	12
rin	1.535508637	91.69865643	6.765834933	0	32	1911	141	0
rio	1.098901099	90.65934066	8.241758242	0	2	165	15	0
rip	2.832574608	83.68740516	13.30298432	0.177035913	112	3309	526	7
riq	0	100	0	0	0	28	0	0
ris	1.157637696	90.28669621	8.546622049	0.009044044	128	9983	945	1
rit	2.133062468	91.92483494	5.94210259	0	84	3620	234	0
riu	6.202723147	87.14069592	6.656580938	0	205	2880	220	0
riv	2.855349859	84.56228428	12.55098839	0.031377471	91	2695	400	1
riz	1.219512195	93.90243902	4.87804878	0	1	77	4	0
roa	0	100	0	0	0	2	0	0
rob	3.32278481	96.67721519	0	0	21	611	0	0
roc	2.301790281	97.44245524	0.255754476	0	9	381	1	0
rod	22.15189873	74.6835443	3.164556962	0	35	118	5	0
rog	2.06185567	96.90721649	1.030927835	0	2	94	1	0
roi	100	0	0	0	1	0	0	0
rok	0	100	0	0	0	9	0	0
rol	0	100	0	0	0	54	0	0
rom	0.115573534	92.92112106	6.963305403	0	4	3216	241	0
ron	5.921052632	83.55263158	10.52631579	0	9	127	16	0
ror	0	0	100	0	0	0	2	0
ros	0.761648746	97.8046595	1.433691756	0	17	2183	32	0
rot	1.08892922	86.20689655	12.34119782	0.362976407	6	475	68	2
rov	1.338432122	93.1166348	5.544933078	0	7	487	29	0
roy	0	100	0	0	0	38	0	0
roz	0	100	0	0	0	62	0	0
ru'	0	0	100	0	0	0	4	0
rua	0	100	0	0	0	44	0	0
rub	0.538599641	96.94793537	2.513464991	0	3	540	14	0
ruc	0	25	75	0	0	1	3	0
rud	0	82	18	0	0	41	9	0
ruf	0	52.38095238	47.61904762	0	0	22	20	0
rug	1.226993865	91.41104294	7.36196319	0	2	149	12	0
rui	0	0	100	0	0	0	20	0
rul	0	94.11764706	5.882352941	0	0	16	1	0
rum	2.083333333	97.08333333	0.416666667	0.416666667	5	233	1	1
ruo	0.432432432	98.81081081	0.756756757	0	4	914	7	0
rup	0	96	4	0	0	24	1	0
rur	0	100	0	0	0	27	0	0
rus	0.258064516	95.22580645	4.516129032	0	2	738	35	0
rut	0.724637681	98.55072464	0.724637681	0	1	136	1	0
ruv	4.166666667	0	95.83333333	0	1	0	23	0
ruz	0	90	10	0	0	9	1	0
s'i	0	100	0	0	0	1	0	0
sab	0.754147813	39.5173454	59.72850679	0	5	262	396	0
sac	1.134215501	97.06994329	1.323251418	0.472589792	12	1027	14	5
sad	67.9389313	20.61068702	11.45038168	0	89	27	15	0
sae	7.692307692	84.61538462	7.692307692	0	1	11	1	0
saf	0	66.66666667	33.33333333	0	0	8	4	0
sag	2.463054187	89.65517241	7.881773399	0	10	364	32	0
sah	0	100	0	0	0	17	0	0
sai	25	75	0	0	4	12	0	0
sal	2.840909091	93.94592476	3.213166144	0	145	4795	164	0
sam	14.15929204	85.84070796	0	0	16	97	0	0
san	7.835820896	88.17164179	3.955223881	0.037313433	210	2363	106	1
sao	0	100	0	0	0	8	0	0
sap	4.542701393	91.49000606	3.96729255	0	150	3021	131	0
saq	0	100	0	0	0	1	0	0
sar	1.097178683	93.57366771	5.329153605	0	7	597	34	0
sas	0	85.16129032	14.83870968	0	0	132	23	0
sat	0	27.63157895	71.92982456	0.438596491	0	63	164	1
sau	0	100	0	0	0	61	0	0
sav	0	87.2659176	12.7340824	0	0	233	34	0
sax	0	100	0	0	0	11	0	0
saz	18.75	81.25	0	0	6	26	0	0
sba	2.458296752	91.48375768	6.057945566	0	28	1042	69	0
sbe	0	92.30769231	7.692307692	0	0	24	2	0
sbi	2	89.33333333	8.666666667	0	3	134	13	0
sbl	0	95.83333333	4.166666667	0	0	46	2	0
sbo	6.358381503	90.75144509	2.89017341	0	11	157	5	0
sbr	2.459016393	87.70491803	9.836065574	0	3	107	12	0
sbu	5	86	9	0	5	86	9	0
sca	1.989443768	79.49654892	18.41250508	0.101502233	98	3916	907	5
sce	0.788402848	84.25737538	14.95422177	0	31	3313	588	0
sch	2.56147541	92.36680328	5.020491803	0.051229508	50	1803	98	1
sci	2.313743637	70.66173068	26.6543267	0.370198982	50	1527	576	8
scl	0	100	0	0	0	20	0	0
sco	1.8395574	90.01383126	8.132780083	0.013831259	133	6508	588	1
scr	0.993965211	85.44550941	13.41853035	0.14199503	28	2407	378	4
scu	0.26371308	96.46624473	3.270042194	0	5	1829	62	0
sde	0	100	0	0	0	56	0	0
sdi	0	100	0	0	0	2	0	0
sdo	0	92.30769231	7.692307692	0	0	12	1	0
sdr	2.105263158	94.73684211	3.157894737	0	2	90	3	0
se'	50	50	0	0	1	1	0	0
sea	0	100	0	0	0	14	0	0
seb	0	95.80838323	4.191616766	0	0	160	7	0
sec	0.02173913	87.34782609	12.63043478	0	1	4018	581	0
sed	0.714285714	90.6547619	8.630952381	0	12	1523	145	0
seg	1.541459957	83.71722183	14.72360028	0.017717931	87	4725	831	1
sei	0	100	0	0	0	951	0	0
sek	0	50	50	0	0	1	1	0
sel	0.723327306	92.04339964	7.233273056	0	4	509	40	0
sem	1.764840706	85.42287417	12.78936512	0.022920009	154	7454	1116	2
sen	3.545256486	93.14715785	3.307585661	0	358	9406	334	0
sep	3.562005277	92.34828496	4.089709763	0	27	700	31	0
seq	0.852272727	97.15909091	1.988636364	0	3	342	7	0
ser	3.716481104	92.5984005	3.685118394	0	237	5905	235	0
ses	7.886178862	89.51219512	2.601626016	0	97	1101	32	0
set	0.059719319	96.62585847	3.314422216	0	2	3236	111	0
sev	11.98156682	83.87096774	4.147465438	0	26	182	9	0
sez	0	100	0	0	0	188	0	0
sfa	0.507614213	89.34010152	10.15228426	0	1	176	20	0
sfe	1.904761905	92.38095238	5.714285714	0	2	97	6	0
sfi	2.772277228	91.38613861	5.841584158	0	28	923	59	0
sfo	1.294498382	94.17475728	4.530744337	0	12	873	42	0
sfr	0.914634146	92.68292683	6.402439024	0	3	304	21	0
sfu	1.97044335	94.33497537	3.694581281	0	8	383	15	0
sga	1.333333333	96	2.666666667	0	2	144	4	0
sgh	0	93.33333333	6.666666667	0	0	14	1	0
sgo	1.762114537	67.84140969	29.95594714	0.440528634	4	154	68	1
sgr	2.409638554	72.28915663	25.30120482	0	4	120	42	0
sgu	0.67264574	97.08520179	2.242152466	0	3	433	10	0
sha	0	95	5	0	0	38	2	0
sho	0	100	0	0	0	28	0	0
si'	0	0	100	0	0	0	3	0
sia	0	100	0	0	0	846	0	0
sib	9.85915493	69.01408451	19.71830986	1.408450704	7	49	14	1
sic	2.643619725	96.94966955	0.406710727	0	52	1907	8	0
sid	3.125	68.75	28.125	0	1	22	9	0
sie	3.418803419	96.58119658	0	0	4	113	0	0
sif	0	80	20	0	0	12	3	0
sig	12.49065071	71.46596859	15.59461481	0.448765894	334	1911	417	12
sil	6.930693069	91.08910891	1.98019802	0	77	1012	22	0
sim	2.43902439	30.80872914	66.43132221	0.320924262	38	480	1035	5
sin	1.313535123	60.82238721	37.86407767	0	46	2130	1326	0
sio	0	100	0	0	0	14	0	0
sip	0	100	0	0	0	31	0	0
sir	0	98.40764331	1.592356688	0	0	309	5	0
sis	0.609343263	95.46377793	3.926878808	0	9	1410	58	0
sit	0	99.729973	0.270027003	0	0	1108	3	0
siv	0	92	8	0	0	23	2	0
sla	0	99.14529915	0.854700855	0	0	116	1	0
sle	12.5	81.25	6.25	0	2	13	1	0
sli	3.846153846	94.87179487	1.282051282	0	3	74	1	0
slo	0	98.93617021	1.063829787	0	0	93	1	0
sma	0.561797753	97.75280899	1.685393258	0	2	348	6	0
sme	0.814332248	79.15309446	20.03257329	0	5	486	123	0
smi	1.612903226	95.16129032	3.225806452	0	1	59	2	0
smo	0	94.16058394	5.109489051	0.729927007	0	129	7	1
smu	0	64.86486486	35.13513514	0	0	24	13	0
sna	0	90.90909091	9.090909091	0	0	20	2	0
sne	0	97.36842105	2.631578947	0	0	37	1	0
sni	7.142857143	85.71428571	7.142857143	0	1	12	1	0
sno	2.816901408	81.69014085	15.49295775	0	2	58	11	0
soa	3.448275862	96.55172414	0	0	1	28	0	0
sob	14.44444444	85.55555556	0	0	13	77	0	0
soc	36.61745828	56.89987163	6.48267009	0	1141	1773	202	0
sod	0.171232877	95.89041096	3.938356164	0	1	560	23	0
soe	0	100	0	0	0	1	0	0
sof	2.5869038	89.00565885	8.245755861	0.161681487	32	1101	102	2
sog	0.753295669	96.67294413	2.573760201	0	12	1540	41	0
soi	0	100	0	0	0	8	0	0
sol	2.211600778	87.93745949	9.850939728	0	273	10855	1216	0
som	2.658788774	85.81979321	11.52141802	0	18	581	78	0
son	2.866242038	95.06369427	2.070063694	0	18	597	13	0
sop	0.259571707	95.58728099	4.153147307	0	8	2946	128	0
soq	0	100	0	0	0	11	0	0
sor	0.873221216	92.98188875	6.144890039	0	27	2875	190	0
sos	1.485581124	93.09641713	5.418001748	0	51	3196	186	0
sot	0.354879594	91.55893536	7.52851711	0.557667934	14	3612	297	22
sov	2.702702703	62.58890469	34.56614509	0.142247511	19	440	243	1
soz	0	100	0	0	0	3	0	0
spa	1.445369917	93.85105341	4.703576678	0	59	3831	192	0
spe	1.491108071	85.02051984	13.44733242	0.041039672	109	6215	983	3
spi	2.54587156	81.21559633	16.21559633	0.02293578	111	3541	707	1
spl	0	28.42105263	71.57894737	0	0	81	204	0
spo	2.738046588	90.47813649	6.742950552	0.040866367	67	2214	165	1
spr	0.652173913	88.47826087	10.86956522	0	3	407	50	0
spu	4.947916667	86.45833333	8.59375	0	19	332	33	0
squ	0.580130529	92.89340102	6.526468455	0	8	1281	90	0
sra	9.090909091	90.90909091	0	0	2	20	0	0
sre	0	100	0	0	0	10	0	0
sro	6.666666667	73.33333333	20	0	1	11	3	0
sta	1.595798404	92.73810726	5.635794364	0.03029997	158	9182	558	3
ste	0.784167289	92.7184466	6.44137416	0.056011949	42	4966	345	3
sti	0.652173913	87.39130435	11.30434783	0.652173913	9	1206	156	9
sto	0.107952501	76.61029147	23.28175603	0	3	2129	647	0
str	0.444312796	95.23104265	4.309834123	0.014810427	30	6430	291	1
stt	0	100	0	0	0	1	0	0
stu	1.848937844	92.40755311	5.704169945	0.039339103	47	2349	145	1
sua	0	100	0	0	0	10	0	0
sub	1.617795753	23.91304348	74.46916077	0	32	473	1473	0
suc	2.039949001	94.60263493	3.357416065	0	48	2226	79	0
sud	0	72.00956938	27.99043062	0	0	301	117	0
sue	0	100	0	0	0	11	0	0
suf	0	100	0	0	0	286	0	0
sug	3.454894434	89.82725528	6.717850288	0	18	468	35	0
sui	4.402515723	91.82389937	3.773584906	0	7	146	6	0
sul	15.38461538	65.38461538	19.23076923	0	4	17	5	0
sum	14.28571429	85.71428571	0	0	2	12	0	0
sun	0	23.07692308	76.92307692	0	0	3	10	0
suo	0.122047965	99.2982242	0.579727833	0	20	16272	95	0
sup	3.306772908	88.44621514	8.12749004	0.119521912	83	2220	204	3
sur	7.079646018	90.26548673	2.654867257	0	8	102	3	0
sus	10.91549296	71.47887324	17.25352113	0.352112676	62	406	98	2
sut	0	100	0	0	0	12	0	0
suu	0	100	0	0	0	7	0	0
suv	0	100	0	0	0	5	0	0
suz	0	100	0	0	0	12	0	0
sva	2.723735409	89.49416342	7.782101167	0	7	230	20	0
sve	3.162055336	89.19631094	7.641633729	0	24	677	58	0
svi	0.910931174	68.11740891	30.97165992	0	9	673	306	0
svo	4.185520362	74.66063348	21.15384615	0	37	660	187	0
svu	1.041666667	88.54166667	10.41666667	0	1	85	10	0
tab	11.46788991	87.6146789	0.917431193	0	25	191	2	0
tac	1.006711409	82.88590604	16.10738255	0	3	247	48	0
tad	0	100	0	0	0	9	0	0
taf	30.76923077	69.23076923	0	0	4	9	0	0
tag	2.651515152	91.54040404	5.808080808	0	21	725	46	0
tah	0	100	0	0	0	6	0	0
tai	0	33.33333333	66.66666667	0	0	6	12	0
tal	0	99.23664122	0.763358779	0	0	1300	10	0
tam	1.526717557	96.18320611	2.290076336	0	2	126	3	0
tan	0.150214592	95.57939914	4.270386266	0	7	4454	199	0
tao	0	100	0	0	0	38	0	0
tap	0.674157303	98.87640449	0.449438202	0	3	440	2	0
tar	0.518134715	93.2642487	6.21761658	0	5	900	60	0
tas	2.024746907	95.61304837	2.362204724	0	18	850	21	0
tat	2.551020408	40.30612245	57.14285714	0	5	79	112	0
tau	16.12903226	77.41935484	6.451612903	0	5	24	2	0
tav	0	19.56521739	80.43478261	0	0	135	555	0
tax	0	100	0	0	0	11	0	0
taz	0	100	0	0	0	76	0	0
tea	0.126262626	99.87373737	0	0	1	791	0	0
teb	0	100	0	0	0	7	0	0
tec	0	18.54636591	81.45363409	0	0	222	975	0
ted	0	99.83739837	0.162601626	0	0	614	1	0
tef	14.28571429	85.71428571	0	0	1	6	0	0
teg	0	47.5	52.5	0	0	19	21	0
tei	0	100	0	0	0	5	0	0
tej	0	100	0	0	0	1	0	0
tel	1.750380518	71.95585997	25.87519026	0.418569254	46	1891	680	11
tem	0.283003163	96.93690694	2.780089895	0	17	5823	167	0
ten	4.163071613	86.79896462	9.037963762	0	193	4024	419	0
teo	0	70.85106383	29.14893617	0	0	333	137	0
tep	0	97.77777778	2.222222222	0	0	44	1	0
teq	0	100	0	0	0	4	0	0
ter	0.311587147	74.62512171	24.98539435	0.077896787	16	3832	1283	4
tes	0.261437908	95.19607843	4.54248366	0	8	2913	139	0
tet	0	95.04950495	4.95049505	0	0	192	10	0
teu	0	64.28571429	35.71428571	0	0	9	5	0
tev	0	0	100	0	0	0	36	0
tex	0	100	0	0	0	46	0	0
tha	0	100	0	0	0	23	0	0
the	0	80	20	0	0	12	3	0
thi	0	100	0	0	0	3	0	0
tho	0	100	0	0	0	79	0	0
tia	0	100	0	0	0	2	0	0
tib	0	95.23809524	4.761904762	0	0	80	4	0
tic	0	96.66666667	3.333333333	0	0	29	1	0
tie	14.0625	0	85.9375	0	9	0	55	0
tif	0	95.20547945	4.794520548	0	0	278	14	0
tig	0	96.77419355	3.225806452	0	0	60	2	0
til	0	100	0	0	0	2	0	0
tim	1.476793249	72.78481013	25.73839662	0	7	345	122	0
tin	1.515151515	93.93939394	4.545454545	0	3	186	9	0
tio	0	100	0	0	0	6	0	0
tip	0	83.55437666	16.44562334	0	0	945	186	0
tir	7.978723404	87.23404255	4.787234043	0	75	820	45	0
tis	6.25	93.75	0	0	1	15	0	0
tit	1.136363636	24.07024793	74.79338843	0	11	233	724	0
tiv	93.58974359	0	6.41025641	0	73	0	5	0
tiz	0	100	0	0	0	81	0	0
toa	0	100	0	0	0	4	0	0
tob	0	100	0	0	0	10	0	0
toc	7.258064516	87.32718894	5.414746544	0	63	758	47	0
tod	0	85.71428571	14.28571429	0	0	12	2	0
toe	0	100	0	0	0	1	0	0
tof	0	6.666666667	93.33333333	0	0	1	14	0
tog	1.169590643	72.51461988	26.31578947	0	8	496	180	0
tok	0	100	0	0	0	78	0	0
tol	0.641025641	87.82051282	8.974358974	2.564102564	1	137	14	4
tom	0	96.93251534	3.067484663	0	0	316	10	0
ton	6.872370266	89.06030856	4.067321178	0	49	635	29	0
top	1.204819277	85.54216867	13.25301205	0	2	142	22	0
tor	4.803706413	89.68544257	5.486466715	0.024384297	197	3678	225	1
tos	1.5	82.5	16	0	6	330	64	0
tot	14.65517241	84.65517241	0.689655172	0	85	491	4	0
tov	0	100	0	0	0	43	0	0
tox	0	100	0	0	0	2	0	0
toy	0	100	0	0	0	18	0	0
toz	0	100	0	0	0	21	0	0
tra	1.921389717	86.26952097	11.79154238	0.017546938	219	9833	1344	2
tre	2.501603592	87.10711995	10.32713278	0.064143682	39	1358	161	1
tri	4.377104377	89.11335578	6.509539843	0	78	1588	116	0
tro	2.858988855	91.13228881	6.008722339	0	177	5642	372	0
tru	0.516795866	98.70801034	0.775193798	0	2	382	3	0
tua	0	100	0	0	0	2	0	0
tub	0	88	12	0	0	110	15	0
tuc	20	70	10	0	2	7	1	0
tud	0	100	0	0	0	2	0	0
tuf	10.52631579	75.78947368	12.63157895	1.052631579	10	72	12	1
tug	0	100	0	0	0	6	0	0
tui	0	100	0	0	0	1	0	0
tul	0	100	0	0	0	38	0	0
tum	0	98.07692308	1.923076923	0	0	102	2	0
tun	0	83.33333333	16.66666667	0	0	95	19	0
tuo	0.590219224	99.15682968	0.252951096	0	7	1176	3	0
tur	1.470588235	89.15441176	9.375	0	16	970	102	0
tus	0	63.63636364	36.36363636	0	0	7	4	0
tut	0.030213762	99.93957248	0.030213762	0	4	13231	4	0
tuz	0	100	0	0	0	1	0	0
uba	0	100	0	0	0	7	0	0
ubb	4	76	20	0	1	19	5	0
ube	0	100	0	0	0	1	0	0
ubi	13.33333333	86.66666667	0	0	2	13	0	0
ubo	0	100	0	0	0	1	0	0
ubr	0	99.00990099	0.99009901	0	0	100	1	0
ucc	1.157024793	81.81818182	17.02479339	0	14	990	206	0
uce	0	100	0	0	0	8	0	0
ucr	0	100	0	0	0	86	0	0
ude	0	100	0	0	0	5	0	0
udi	11.5819209	77.11864407	11.29943503	0	41	273	40	0
udu	0	100	0	0	0	1	0	0
uef	0	100	0	0	0	94	0	0
uff	0.214285714	99.78571429	0	0	3	1397	0	0
ufo	0	100	0	0	0	6	0	0
uga	0	100	0	0	0	10	0	0
uge	0	100	0	0	0	5	0	0
ugg	0	100	0	0	0	5	0	0
ugh	0	100	0	0	0	14	0	0
ugo	0	94.38202247	5.617977528	0	0	84	5	0
ugu	0	100	0	0	0	253	0	0
ulc	0	66.66666667	33.33333333	0	0	2	1	0
uli	0	100	0	0	0	58	0	0
ull	0	100	0	0	0	1	0	0
uln	0	100	0	0	0	1	0	0
ult	0.615953188	13.45857715	85.92546966	0	20	437	2790	0
ulu	0	62.5	37.5	0	0	10	6	0
ulv	0	100	0	0	0	1	0	0
uma	14.56692913	81.75853018	3.674540682	0	111	623	28	0
umb	0	98.16513761	1.834862385	0	0	214	4	0
ume	0	100	0	0	0	3	0	0
umi	27.77777778	29.41176471	42.81045752	0	85	90	131	0
umo	1.075268817	91.39784946	7.52688172	0	2	170	14	0
una	34.23423423	36.93693694	28.82882883	0	38	41	32	0
unc	0	100	0	0	0	13	0	0
und	0	8.955223881	91.04477612	0	0	18	183	0
ung	0.534759358	85.02673797	14.43850267	0	1	159	27	0
uni	18.4142673	52.7503223	28.8354104	0	857	2455	1342	0
unn	0	100	0	0	0	3	0	0
uno	0	100	0	0	0	35566	0	0
unt	8	92	0	0	2	23	0	0
unu	0	100	0	0	0	13	0	0
unz	0	100	0	0	0	5	0	0
uom	0	60.87087995	39.12912005	0	0	2013	1294	0
uop	0	100	0	0	0	4	0	0
uos	0	100	0	0	0	1	0	0
uov	0	100	0	0	0	170	0	0
upi	0	100	0	0	0	4	0	0
upu	0	0	100	0	0	0	2	0
ura	0	100	0	0	0	36	0	0
urb	0.943396226	78.30188679	20.75471698	0	3	249	66	0
urd	0	100	0	0	0	1	0	0
ure	0	87.5	12.5	0	0	7	1	0
urg	0	98.31460674	1.685393258	0	0	175	3	0
uri	2.325581395	88.37209302	9.302325581	0	1	38	4	0
url	6.007067138	87.27915194	6.713780919	0	17	247	19	0
urn	0	100	0	0	0	56	0	0
uro	0	75	25	0	0	3	1	0
urr	50	0	50	0	1	0	1	0
urs	0	48.8372093	51.1627907	0	0	21	22	0
urt	3.03030303	90.90909091	6.060606061	0	2	60	4	0
uru	0	100	0	0	0	22	0	0
usa	0.528052805	94.05940594	5.412541254	0	8	1425	82	0
usb	0	100	0	0	0	1	0	0
usc	6.110201855	87.61593017	6.273867976	0	112	1606	115	0
use	0	0	100	0	0	0	13	0
usi	28.57142857	71.42857143	0	0	2	5	0	0
uso	0	100	0	0	0	454	0	0
uss	0	100	0	0	0	3	0	0
ust	1.851851852	77.77777778	20.37037037	0	1	42	11	0
usu	0.540540541	97.83783784	1.621621622	0	1	181	3	0
uta	0	100	0	0	0	3	0	0
ute	0	89.53488372	10.46511628	0	0	154	18	0
uti	4.204753199	57.58683729	38.20840951	0	46	630	418	0
uto	0	75.43859649	24.56140351	0	0	43	14	0
utr	0	100	0	0	0	5	0	0
uva	0	100	0	0	0	30	0	0
uve	0	100	0	0	0	11	0	0
uxo	0	100	0	0	0	4	0	0
uzb	0	100	0	0	0	5	0	0
uzi	0	100	0	0	0	1	0	0
uzz	0	0	100	0	0	0	1	0
va'	0	100	0	0	0	2	0	0
vab	100	0	0	0	3	0	0	0
vac	0.984251969	98.42519685	0.590551181	0	5	500	3	0
vad	56.25	43.75	0	0	9	7	0	0
vag	1.428571429	96.42857143	2.142857143	0	4	270	6	0
vai	22.22222222	77.77777778	0	0	2	7	0	0
val	2.514164306	87.11048159	10.33994334	0.035410765	71	2460	292	1
vam	0	100	0	0	0	31	0	0
van	3.934010152	92.3857868	3.680203046	0	31	728	29	0
vap	0	100	0	0	0	69	0	0
var	9.563994374	85.65400844	4.781997187	0	136	1218	68	0
vas	2.074688797	97.9253112	0	0	10	472	0	0
vat	0	97.77777778	2.222222222	0	0	176	4	0
vav	0	100	0	0	0	2	0	0
vec	0	100	0	0	0	1550	0	0
ved	2.590585845	91.28005418	6.129359973	0	153	5391	362	0
vee	0	100	0	0	0	14	0	0
veg	0.555555556	94.44444444	4.444444444	0.555555556	1	170	8	1
veh	0	0	100	0	0	0	1	0
vei	0	2.307692308	97.69230769	0	0	3	127	0
vej	100	0	0	0	1	0	0	0
vel	23.99635036	71.07664234	4.835766423	0.091240876	263	779	53	1
ven	8.474285224	69.52004808	21.98849489	0.017171804	987	8097	2561	2
ver	8.118714741	84.16727986	7.419671327	0.294334069	662	6863	605	24
ves	1.029866117	84.65499485	14.31513903	0	10	822	139	0
vet	0.237247924	98.10201661	1.660735469	0	2	827	14	0
vex	0	100	0	0	0	3	0	0
vez	0	100	0	0	0	19	0	0
via	0.254869834	98.99872565	0.746404515	0	14	5438	41	0
vib	0.961538462	94.23076923	4.807692308	0	1	98	5	0
vic	0.285364859	94.90419894	4.810436201	0	7	2328	118	0
vid	2.43902439	31.70731707	65.85365854	0	8	104	216	0
vie	12.8742515	85.02994012	2.095808383	0	43	284	7	0
vig	0.891861761	68.33890747	30.32329989	0.445930881	8	613	272	4
vik	0	100	0	0	0	2	0	0
vil	1.059322034	98.83474576	0.105932203	0	10	933	1	0
vim	0	83.33333333	16.66666667	0	0	30	6	0
vin	1.214028777	80.48561151	18.30035971	0	27	1790	407	0
vio	0.409836066	96.80327869	2.786885246	0	5	1181	34	0
vip	0	14.28571429	85.71428571	0	0	1	6	0
vir	30.51948052	63.63636364	5.844155844	0	141	294	27	0
vis	0.92879257	78.6377709	20.12383901	0.309597523	21	1778	455	7
vit	1.179391682	87.99917236	10.82143596	0	57	4253	523	0
viu	0	100	0	0	0	9	0	0
viv	1.508078995	66.35547576	32.1005386	0.035906643	42	1848	894	1
viz	0.689655172	99.31034483	0	0	1	144	0	0
vla	0	100	0	0	0	3	0	0
vob	0	100	0	0	0	9	0	0
voc	0.23659306	97.71293375	2.050473186	0	3	1239	26	0
vod	0	100	0	0	0	6	0	0
voe	0	100	0	0	0	3	0	0
vog	0.440528634	99.55947137	0	0	2	452	0	0
voi	0	100	0	0	0	460	0	0
vol	5.10897031	89.06348705	5.827542641	0	647	11279	738	0
vom	0	36.11111111	58.33333333	5.555555556	0	13	21	2
von	0	0	100	0	0	0	6	0
vor	4.411764706	39.70588235	55.88235294	0	3	27	38	0
vos	0.186219739	99.81378026	0	0	1	536	0	0
vot	1.592920354	97.34513274	1.061946903	0	18	1100	12	0
vud	100	0	0	0	2	0	0	0
vue	0	100	0	0	0	2	0	0
vul	1.769911504	46.01769912	52.21238938	0	2	52	59	0
vum	0	100	0	0	0	1	0	0
vuo	0.777202073	98.70466321	0.518134715	0	3	381	2	0
wag	0	100	0	0	0	9	0	0
wer	0	100	0	0	0	4	0	0
wil	0	100	0	0	0	7	0	0
xen	0	33.33333333	66.66666667	0	0	3	6	0
xer	0	100	0	0	0	1	0	0
yal	0	100	0	0	0	5	0	0
yam	0	100	0	0	0	13	0	0
yog	0	100	0	0	0	54	0	0
yup	0	100	0	0	0	2	0	0
zab	0	100	0	0	0	2	0	0
zac	0	100	0	0	0	14	0	0
zad	0	100	0	0	0	2	0	0
zaf	0	100	0	0	0	25	0	0
zag	0	81.81818182	18.18181818	0	0	27	6	0
zai	0	100	0	0	0	32	0	0
zak	0	100	0	0	0	1	0	0
zam	1.063829787	97.87234043	1.063829787	0	1	92	1	0
zan	2.580645161	97.41935484	0	0	4	151	0	0
zap	5.555555556	88.88888889	5.555555556	0	2	32	2	0
zar	0	100	0	0	0	41	0	0
zat	0	10.52631579	89.47368421	0	0	2	17	0
zav	0	70.58823529	29.41176471	0	0	12	5	0
zaz	60	10	30	0	6	1	3	0
ze'	0	100	0	0	0	3	0	0
zeb	0	100	0	0	0	5	0	0
zec	0	100	0	0	0	39	0	0
zef	0	75.86206897	24.13793103	0	0	22	7	0
zeg	0	100	0	0	0	3	0	0
zel	0	100	0	0	0	51	0	0
zem	0	100	0	0	0	24	0	0
zen	2.173913043	89.13043478	8.695652174	0	1	41	4	0
zep	0	100	0	0	0	41	0	0
zer	0	100	0	0	0	177	0	0
zet	0	100	0	0	0	4	0	0
zeu	0	100	0	0	0	5	0	0
zev	0	100	0	0	0	5	0	0
zia	0	100	0	0	0	114	0	0
zib	12.5	62.5	25	0	1	5	2	0
zic	0	100	0	0	0	3	0	0
zig	37.5	25	37.5	0	6	4	6	0
zil	0	100	0	0	0	9	0	0
zim	0	100	0	0	0	3	0	0
zin	0	42.62295082	57.37704918	0	0	26	35	0
zio	0	100	0	0	0	163	0	0
zir	0	100	0	0	0	7	0	0
zis	0	100	0	0	0	1	0	0
zit	5.263157895	94.73684211	0	0	3	54	0	0
ziv	0	100	0	0	0	4	0	0
ziz	0	100	0	0	0	2	0	0
zoa	0	100	0	0	0	1	0	0
zoc	0	26.31578947	73.68421053	0	0	10	28	0
zod	0	46.15384615	53.84615385	0	0	6	7	0
zoe	0	50	50	0	0	1	1	0
zof	0	0	100	0	0	0	3	0
zol	1.149425287	98.85057471	0	0	1	86	0	0
zom	0	100	0	0	0	18	0	0
zon	0.119760479	99.88023952	0	0	1	834	0	0
zoo	0	72.22222222	27.77777778	0	0	52	20	0
zop	0	84.61538462	15.38461538	0	0	22	4	0
zor	0	100	0	0	0	6	0	0
zot	0	75	25	0	0	3	1	0
zua	0	100	0	0	0	2	0	0
zuc	0	41.20171674	58.79828326	0	0	96	137	0
zuf	0	71.42857143	28.57142857	0	0	5	2	0
zul	0	100	0	0	0	11	0	0
zup	0	100	0	0	0	28	0	0
zur	5.128205128	94.87179487	0	0	2	37	0	0
zuz	0	100	0	0	0	13	0	0
