2lett	%ULT_Tk	%PULT_Tk	%APULT_Tk	%PAPULT_Tk	nULT_Tk	nPULT_Tk	nAPULT_Tk	nPAPULT_Tk
a'	0	0	100	0	0	0	1	0
ab	4.053506283	76.93554925	17.95703283	1.053911634	200	3796	886	52
ac	1.795591182	90.00400802	7.951903808	0.248496994	224	11228	992	31
ad	0.871872631	93.91584534	5.098559515	0.113722517	46	4955	269	6
ae	0.401606426	35.34136546	64.25702811	0	2	176	320	0
af	4.705882353	86.02282704	9.271290606	0	268	4899	528	0
ag	2.709975014	85.60445897	11.41649049	0.269075533	141	4454	594	14
ah	85.29411765	14.70588235	0	0	29	5	0	0
ai	5.9712774	89.41798942	4.610733182	0	79	1183	61	0
aj	0	100	0	0	0	14	0	0
ak	0	55.55555556	44.44444444	0	0	5	4	0
al	2.46046966	94.33730144	3.173282194	0.028946702	680	26072	877	8
am	1.115524381	88.09262233	10.76650046	0.025352827	132	10424	1274	3
an	2.251828751	90.44692609	7.216400284	0.084844871	982	39443	3147	37
ao	0	94.87179487	5.128205128	0	0	37	2	0
ap	2.354455992	91.48349122	6.051687667	0.110365125	256	9947	658	12
aq	0	38.46153846	61.53846154	0	0	25	40	0
ar	2.752628505	79.73860981	17.48685748	0.021904206	377	10921	2395	3
as	1.549116093	90.84199016	7.599781301	0.009112448	170	9969	834	1
at	7.655775076	83.09270517	9.223024316	0.028495441	806	8748	971	3
au	5.69823435	74.23756019	19.93579454	0.128410915	355	4625	1242	8
av	7.435975301	85.69490839	6.867091811	0.002024496	3673	42329	3392	1
ay	0	100	0	0	0	20	0	0
az	0.372093023	98.88372093	0.744186047	0	8	2126	16	0
ba	3.184845962	90.00138773	6.792950319	0.020815987	459	12971	979	3
be	3.416435826	88.04247461	8.541089566	0	296	7628	740	0
bi	1.591716891	93.54041106	4.867872045	0	103	6053	315	0
bl	1.100244499	97.31051345	1.589242054	0	9	796	13	0
bo	3.006081668	92.61511729	4.378801043	0	173	5330	252	0
br	1.269905261	89.27635557	9.453739165	0	63	4429	469	0
bu	1.827465735	92.34076861	5.831765654	0	68	3436	217	0
by	0	100	0	0	0	1	0	0
ca	3.201825888	85.25377676	11.49005543	0.054341919	1473	39221	5286	25
ce	1.482177717	89.09695611	9.341334683	0.079531487	205	12323	1292	11
ch	4.287138584	77.10504849	18.48092087	0.126892051	473	8507	2039	14
ci	22.23779491	65.66222845	11.85081367	0.249162968	2856	8433	1522	32
cl	0.502512563	68.7724336	30.65326633	0.071787509	14	1916	854	2
cn	0	100	0	0	0	1	0	0
co	6.230039343	87.52418422	5.981022911	0.264753529	6730	94548	6461	286
cr	3.505825548	74.28361499	22.15807704	0.052482418	334	7077	2111	5
cu	2.017618642	94.44918064	3.504783556	0.028417164	213	9971	370	3
cy	23.07692308	76.92307692	0	0	3	10	0	0
d'	0.848484848	95.75757576	3.393939394	0	7	790	28	0
da	0.608225526	98.04016219	1.346785094	0.004827187	126	20310	279	1
de	1.173933876	86.06612362	12.41974126	0.340201246	245	17962	2592	71
di	1.176109533	93.75711556	5.044005108	0.022769797	1188	94705	5095	23
dj	33.33333333	66.66666667	0	0	1	2	0	0
do	3.82550087	86.10524757	9.998889012	0.070362552	1033	23251	2700	19
dr	1.339285714	71.60714286	27.05357143	0	15	802	303	0
du	0.679397723	98.20969519	1.074182887	0.036724201	74	10697	117	4
e'	0	50	50	0	0	2	2	0
eb	0.217864924	71.24183007	28.54030501	0	1	327	131	0
ec	0.697494188	68.43192973	30.79307672	0.077499354	27	2649	1192	3
ed	0.308071473	91.0659273	8.626001232	0	5	1478	140	0
ef	0.276548673	97.40044248	2.32300885	0	5	1761	42	0
eg	0.064102564	99.48717949	0.448717949	0	5	7760	35	0
ei	0	100	0	0	0	40	0	0
ek	0	100	0	0	0	1	0	0
el	1.459549625	83.04837364	15.24186822	0.250208507	70	3983	731	12
em	1.12640801	88.90279516	9.970796829	0	27	2131	239	0
en	3.717391304	85.30434783	10.97826087	0	171	3924	505	0
eo	0	46.15384615	53.84615385	0	0	6	7	0
ep	0.681663258	61.82685753	37.49147921	0	10	907	550	0
eq	2.896341463	85.21341463	11.8902439	0	19	559	78	0
er	3.330206379	82.83302064	13.78986867	0.046904315	71	1766	294	1
es	3.079142464	80.84110364	16.03198563	0.047768267	3223	84618	16781	50
et	44.02054292	30.59427733	25.38517975	0	600	417	346	0
eu	0.108754758	98.20554649	1.685698749	0	2	1806	31	0
ev	1.892622634	91.57976053	5.83236771	0.695249131	49	2371	151	18
ex	4.615384615	86.66666667	8.717948718	0	9	169	17	0
ez	0	100	0	0	0	23	0	0
fa	2.271009414	89.4145537	8.280079709	0.034357177	661	26025	2410	10
fe	5.545240748	81.81705657	12.63770269	0	448	6610	1021	0
fi	2.411889597	91.91507431	5.673036093	0	568	21646	1336	0
fl	4.972375691	78.17679558	16.85082873	0	36	566	122	0
fo	0.705076551	92.69406393	6.573999463	0.026860059	105	13804	979	4
fr	1.298565295	94.5648759	4.094669599	0.041889203	124	9030	391	4
fu	1.788570598	94.73607678	3.475352625	0	123	6515	239	0
ga	1.537462105	93.13555652	5.326981377	0	71	4301	246	0
ge	4.193765418	77.96591164	17.75061673	0.089706212	374	6953	1583	8
gh	0.440528634	96.91629956	2.643171806	0	2	440	12	0
gi	2.038300321	84.04701241	13.82838826	0.086299006	496	20452	3365	21
gl	2.184466019	91.01941748	6.796116505	0	9	375	28	0
gn	0	96.42857143	3.571428571	0	0	54	2	0
go	1.198583492	91.03786434	7.763552166	0	44	3342	285	0
gr	1.603520286	95.73389021	2.602923628	0.059665871	215	12836	349	8
gu	5.288932419	90.97290238	3.738165198	0	324	5573	229	0
ha	17.75700935	57.94392523	24.29906542	0	19	62	26	0
he	39.28571429	30.35714286	30.35714286	0	22	17	17	0
hi	0	100	0	0	0	132	0	0
ho	0	74.62686567	25.37313433	0	0	100	34	0
hu	0	100	0	0	0	74	0	0
ia	8	90	2	0	4	45	1	0
ib	0	53.22580645	46.77419355	0	0	33	29	0
ic	4.255319149	87.23404255	8.510638298	0	2	41	4	0
id	10.55449331	74.49330784	14.64627151	0.305927342	276	1948	383	8
ie	0	99.9572101	0.042789902	0	0	2336	1	0
if	0	100	0	0	0	1	0	0
ig	1.132075472	85.09433962	13.77358491	0	6	451	73	0
ik	0	100	0	0	0	6	0	0
il	3.942307692	77.69230769	17.40384615	0.961538462	41	808	181	10
im	2.020130921	81.16421482	16.65376223	0.161892025	287	11531	2366	23
in	1.752953813	89.1471536	9.032581454	0.067311135	1224	62247	6307	47
io	0	99.7108991	0.289100896	0	0	3449	10	0
ip	0.687285223	31.04238259	68.27033219	0	6	271	596	0
ir	12.09223847	61.36107987	26.4904387	0.05624297	215	1091	471	1
is	1.751077586	82.78556034	15.46336207	0	65	3073	574	0
it	0.146305779	97.69568398	2.158010241	0	8	5342	118	0
iu	0	100	0	0	0	42	0	0
iv	0	100	0	0	0	126	0	0
iz	0	100	0	0	0	2	0	0
ja	0	63.63636364	36.36363636	0	0	35	20	0
je	0	50	50	0	0	24	24	0
ji	0	100	0	0	0	15	0	0
jo	0	100	0	0	0	32	0	0
ju	0	99.06015038	0.939849624	0	0	527	5	0
ka	29.71428571	55.42857143	14.85714286	0	52	97	26	0
ke	0.826446281	40.49586777	58.67768595	0	1	49	71	0
kh	0	100	0	0	0	1	0	0
ki	38.46153846	56.41025641	5.128205128	0	15	22	2	0
ko	4.761904762	66.66666667	28.57142857	0	1	14	6	0
ku	90.90909091	0	9.090909091	0	40	0	4	0
l'	14.47368421	79.60526316	5.921052632	0	22	121	9	0
la	3.472002531	87.52768111	8.960771908	0.039544448	439	11067	1133	5
le	1.44092219	86.05783564	12.47142999	0.029812183	145	8660	1255	3
li	4.93676815	70.10772834	24.63700234	0.318501171	527	7484	2630	34
ll	0	100	0	0	0	1	0	0
lo	1.510810107	94.62099505	3.855170617	0.013024225	116	7265	296	1
lt	0	100	0	0	0	2	0	0
lu	4.679306172	92.77934651	2.527901035	0.013446282	348	6900	188	1
ly	0	100	0	0	0	19	0	0
ma	3.647980214	86.74258038	9.593981863	0.015457543	1416	33670	3724	6
mc	0	100	0	0	0	7	0	0
me	4.316574416	81.48447109	14.00292128	0.19603321	1123	21199	3643	51
mi	1.404975957	91.93393268	6.648546937	0.012544428	336	21986	1590	3
mn	0	0	100	0	0	0	6	0
mo	1.901050491	92.20942054	5.777702474	0.111826499	561	27211	1705	33
mu	1.35009311	73.16108007	25.48882682	0	58	3143	1095	0
na	1.552393273	83.22944843	15.17111608	0.04704222	132	7077	1290	4
ne	9.512030582	88.18304475	2.237463459	0.06746121	846	7843	199	6
ni	2.494331066	93.83219955	3.492063492	0.181405896	55	2069	77	4
no	3.556140929	91.99868291	4.445176161	0	540	13970	675	0
nu	0.326613357	83.9621579	15.71122874	0	29	7455	1395	0
ny	0	100	0	0	0	4	0	0
o'	0	0	100	0	0	0	4	0
oa	0	0	100	0	0	0	26	0
ob	4.274193548	77.17741935	18.22580645	0.322580645	53	957	226	4
oc	0.851426139	90.67688378	7.386121754	1.085568327	40	4260	347	51
od	1.814882033	94.01088929	4.174228675	0	10	518	23	0
of	1.994497937	89.82118294	8.18431912	0	29	1306	119	0
og	0.135277319	99.81963024	0.04509244	0	9	6641	3	0
oh	100	0	0	0	2	0	0	0
ok	4.166666667	95.83333333	0	0	1	23	0	0
ol	0.433150448	92.31879873	7.248050823	0	15	3197	251	0
om	3.399433428	87.67705382	8.923512748	0	48	1238	126	0
on	3.542061986	83.4914611	12.96647691	0	56	1320	205	0
op	3.476115721	74.43372954	21.21551917	0.874635569	155	3319	946	39
or	0.597426471	85.70006127	13.64889706	0.053615196	78	11189	1782	7
os	5.123489228	75.59117183	18.70730426	0.578034682	195	2877	712	22
ot	0.588642659	84.7299169	14.68144044	0	17	2447	424	0
ov	0.591715976	98.10650888	1.301775148	0	5	829	11	0
ox	0	100	0	0	0	36	0	0
oz	0	100	0	0	0	67	0	0
pa	2.39896742	89.78769806	7.695388998	0.117945523	1078	40347	3458	53
pe	28.48522551	61.14774495	10.31415241	0.052877138	9158	19659	3316	17
ph	0	0	100	0	0	0	1	0
pi	1.051613683	81.22809138	17.72029494	0	174	13440	2932	0
pl	5.732484076	63.56687898	30.70063694	0	45	499	241	0
pn	0	7.843137255	92.15686275	0	0	4	47	0
po	5.834833934	74.07462985	20.09053621	0	2333	29618	8033	0
pr	1.662825156	88.80474152	9.343850091	0.188583231	1111	59334	6243	126
ps	0.131926121	34.43271768	65.4353562	0	1	261	496	0
pu	3.314105926	73.65495543	22.95752491	0.073413739	316	7023	2189	7
qu	1.488468057	96.99358927	1.516100508	0.001842163	808	52652	823	1
ra	2.6632043	88.96672504	8.364031644	0.006039012	441	14732	1385	1
re	8.959162485	74.28620869	16.49939436	0.25523447	2071	17172	3814	59
ri	2.171529274	87.94399843	9.806148424	0.078323869	1109	44913	5008	40
ro	1.326957561	93.92707711	4.722056186	0.023909145	111	7857	395	2
ru	0.587275693	94.42088091	4.959216966	0.032626427	18	2894	152	1
s'	0	100	0	0	0	1	0	0
sa	4.39125771	88.06650577	7.495307053	0.046929472	655	13136	1118	7
sb	2.844141069	90.78498294	6.370875995	0	50	1596	112	0
sc	1.584182241	85.5177669	12.82184968	0.076201171	395	21323	3197	19
sd	1.204819277	96.38554217	2.409638554	0	2	160	4	0
se	2.246815712	89.99732787	7.749176093	0.006680324	1009	40416	3480	3
sf	1.816347124	92.70097545	5.48267743	0	54	2756	163	0
sg	1.294820717	86.15537849	12.4501992	0.099601594	13	865	125	1
sh	0	97.05882353	2.941176471	0	0	66	2	0
si	3.820285176	76.52004305	19.5386064	0.121065375	568	11377	2905	18
sl	1.639344262	97.04918033	1.31147541	0	5	296	4	0
sm	0.663349917	86.73300166	12.52072968	0.08291874	8	1046	151	1
sn	2.068965517	87.5862069	10.34482759	0	3	127	15	0
so	4.708468302	87.35539102	7.863836187	0.072304489	1628	30204	2719	25
sp	1.90397351	85.99441225	12.07574503	0.025869205	368	16621	2334	5
sq	0.580130529	92.89340102	6.526468455	0	8	1281	90	0
sr	6.382978723	87.23404255	6.382978723	0	3	41	3	0
st	1.006582843	91.47365121	7.460555188	0.059210755	289	26263	2142	17
su	0.873040271	92.5791577	6.532431602	0.015370427	284	30116	2125	5
sv	2.613941019	77.9155496	19.47050938	0	78	2325	581	0
ta	0.907743609	89.16265283	9.929603557	0	98	9626	1072	0
te	1.13039644	83.28055478	15.52892131	0.06012747	282	20776	3874	15
th	0	97.5	2.5	0	0	117	3	0
ti	4.042457091	69.60252936	26.35501355	0	179	3082	1167	0
to	5.012195122	87.47560976	7.451219512	0.06097561	411	7173	611	5
tr	2.415912183	88.20659567	9.363418868	0.014073275	515	18803	1996	3
tu	0.243400112	98.73931224	1.01104662	0.006241029	39	15821	162	1
ub	2	94	4	0	3	141	6	0
uc	1.073619632	83.12883436	15.79754601	0	14	1084	206	0
ud	11.38888889	77.5	11.11111111	0	41	279	40	0
ue	0	100	0	0	0	94	0	0
uf	0.213371266	99.78662873	0	0	3	1403	0	0
ug	0	98.67021277	1.329787234	0	0	371	5	0
ul	0.60114217	15.32912534	84.06973249	0	20	510	2797	0
um	13.42372881	74.57627119	12	0	198	1100	177	0
un	2.20184386	93.91428011	3.88387603	0	898	38302	1584	0
uo	0	62.83744974	37.16255026	0	0	2188	1294	0
up	0	66.66666667	33.33333333	0	0	4	2	0
ur	2.264150943	86.32075472	11.41509434	0	24	915	121	0
us	3.050430504	91.43911439	5.510455105	0	124	3717	224	0
ut	3.456048084	62.73478588	33.80916604	0	46	835	450	0
uv	0	100	0	0	0	41	0	0
ux	0	100	0	0	0	4	0	0
uz	0	85.71428571	14.28571429	0	0	6	1	0
va	4.096130593	89.81257557	6.07617896	0.015114873	271	5942	402	1
ve	6.813042766	80.41291168	12.6822874	0.091758152	2079	24538	3870	28
vi	1.569058972	86.10669601	12.27533928	0.048905734	385	21128	3012	12
vl	0	100	0	0	0	3	0	0
vo	4.050237366	90.8839613	5.053782826	0.012018509	674	15124	841	2
vu	1.388888889	86.50793651	12.1031746	0	7	436	61	0
wa	0	100	0	0	0	9	0	0
we	0	100	0	0	0	4	0	0
wi	0	100	0	0	0	7	0	0
xe	0	40	60	0	0	4	6	0
ya	0	100	0	0	0	18	0	0
yo	0	100	0	0	0	54	0	0
yu	0	100	0	0	0	2	0	0
za	2.702702703	90.22869023	7.068607069	0	13	434	34	0
ze	0.231481481	97.22222222	2.546296296	0	1	420	11	0
zi	2.232142857	88.16964286	9.598214286	0	10	395	43	0
zo	0.180995475	94.02714932	5.791855204	0	2	1039	64	0
zu	0.600600601	57.65765766	41.74174174	0	2	192	139	0
