3lett	%ULT_Ty	%PULT_Ty	%APULT_Ty	%PAPULT_Ty	nULT_Ty	nPULT_Ty	nAPULT_Ty	nPAPULT_Ty
a's	NA	NA	100	NA	NA	NA	1	NA
aba	30	60	10	NA	3	6	1	NA
abb	5.300353357	78.09187279	16.25441696	0.35335689	15	221	46	1
abd	33.33333333	33.33333333	33.33333333	NA	2	2	2	NA
abe	16.66666667	83.33333333	NA	NA	2	10	NA	NA
abi	6.315789474	72.63157895	17.89473684	3.157894737	6	69	17	3
abl	NA	100	NA	NA	NA	2	NA	NA
abn	NA	100	NA	NA	NA	3	NA	NA
abo	2.564102564	71.79487179	25.64102564	NA	1	28	10	NA
abr	9.090909091	86.36363636	4.545454545	NA	2	19	1	NA
abs	NA	60	40	NA	NA	3	2	NA
abu	NA	94.11764706	5.882352941	NA	NA	16	1	NA
aca	NA	87.5	12.5	NA	NA	7	1	NA
acc	5.594405594	74.24242424	19.11421911	1.048951049	48	637	164	9
ace	NA	76.47058824	23.52941176	NA	NA	13	4	NA
ach	14.28571429	85.71428571	NA	NA	1	6	NA	NA
aci	9.523809524	42.85714286	47.61904762	NA	2	9	10	NA
acl	NA	100	NA	NA	NA	1	NA	NA
acm	NA	100	NA	NA	NA	1	NA	NA
acn	NA	100	NA	NA	NA	1	NA	NA
aco	33.33333333	66.66666667	NA	NA	1	2	NA	NA
acq	5.714285714	76.19047619	18.0952381	NA	6	80	19	NA
acr	NA	39.13043478	60.86956522	NA	NA	9	14	NA
act	NA	100	NA	NA	NA	2	NA	NA
acu	NA	72	28	NA	NA	18	7	NA
ada	5.714285714	72.85714286	21.42857143	NA	4	51	15	NA
add	2.614379085	81.04575163	15.68627451	0.653594771	4	124	24	1
ade	5.128205128	82.05128205	12.82051282	NA	4	64	10	NA
adi	8.695652174	73.91304348	17.39130435	NA	2	17	4	NA
ado	7.291666667	73.95833333	17.70833333	1.041666667	7	71	17	1
adr	NA	66.66666667	33.33333333	NA	NA	8	4	NA
adu	NA	81.25	18.75	NA	NA	26	6	NA
aer	2.631578947	52.63157895	44.73684211	NA	1	20	17	NA
afa	NA	66.66666667	33.33333333	NA	NA	2	1	NA
aff	6.693711968	73.42799189	19.87829615	NA	33	362	98	NA
afg	NA	NA	100	NA	NA	NA	2	NA
afo	NA	62.5	37.5	NA	NA	5	3	NA
afr	5.555555556	55.55555556	38.88888889	NA	1	10	7	NA
aft	NA	100	NA	NA	NA	2	NA	NA
aga	15.38461538	38.46153846	46.15384615	NA	2	5	6	NA
age	7.142857143	75	17.85714286	NA	2	21	5	NA
agg	5.2	75.2	19.2	0.4	13	188	48	1
agh	NA	100	NA	NA	NA	3	NA	NA
agi	7.547169811	67.9245283	22.64150943	1.886792453	4	36	12	1
agl	NA	100	NA	NA	NA	4	NA	NA
agm	100	NA	NA	NA	1	NA	NA	NA
agn	14.28571429	71.42857143	14.28571429	NA	2	10	2	NA
ago	9.090909091	75.75757576	15.15151515	NA	3	25	5	NA
agr	NA	77.5	22.5	NA	NA	31	9	NA
agu	18.18181818	81.81818182	NA	NA	2	9	NA	NA
ahi	25	75	NA	NA	1	3	NA	NA
aho	50	50	NA	NA	1	1	NA	NA
aia	NA	100	NA	NA	NA	3	NA	NA
aid	33.33333333	66.66666667	NA	NA	1	2	NA	NA
aie	NA	100	NA	NA	NA	2	NA	NA
aik	NA	NA	100	NA	NA	NA	1	NA
aim	33.33333333	66.66666667	NA	NA	1	2	NA	NA
air	16.66666667	83.33333333	NA	NA	1	5	NA	NA
ais	NA	100	NA	NA	NA	1	NA	NA
ait	NA	100	NA	NA	NA	1	NA	NA
aiu	6.382978723	59.57446809	34.04255319	NA	3	28	16	NA
aiz	NA	66.66666667	33.33333333	NA	NA	2	1	NA
aja	NA	100	NA	NA	NA	1	NA	NA
aje	NA	100	NA	NA	NA	1	NA	NA
aka	NA	100	NA	NA	NA	2	NA	NA
aki	NA	100	NA	NA	NA	1	NA	NA
akk	NA	NA	100	NA	NA	NA	2	NA
akr	NA	NA	100	NA	NA	NA	1	NA
akt	NA	100	NA	NA	NA	1	NA	NA
ala	13.88888889	77.77777778	8.333333333	NA	5	28	3	NA
alb	6.024096386	77.10843373	16.86746988	NA	5	64	14	NA
alc	8.695652174	63.04347826	28.26086957	NA	4	29	13	NA
ald	35.71428571	57.14285714	7.142857143	NA	5	8	1	NA
ale	9.433962264	84.90566038	5.660377358	NA	5	45	3	NA
alf	NA	84.61538462	15.38461538	NA	NA	22	4	NA
alg	9.523809524	57.14285714	33.33333333	NA	2	12	7	NA
alh	NA	100	NA	NA	NA	1	NA	NA
ali	2.739726027	76.71232877	20.54794521	NA	2	56	15	NA
all	4.511278195	78.19548872	16.79197995	0.501253133	18	312	67	2
alm	NA	85.71428571	14.28571429	NA	NA	12	2	NA
alo	NA	46.15384615	53.84615385	NA	NA	6	7	NA
alp	NA	84.21052632	15.78947368	NA	NA	16	3	NA
alq	NA	100	NA	NA	NA	2	NA	NA
als	NA	66.66666667	33.33333333	NA	NA	2	1	NA
alt	7.518796992	83.45864662	8.270676692	0.751879699	10	111	11	1
alu	NA	100	NA	NA	NA	3	NA	NA
alv	20	60	20	NA	2	6	2	NA
alz	6.976744186	69.76744186	23.25581395	NA	3	30	10	NA
ama	8.695652174	72.17391304	18.26086957	0.869565217	10	83	21	1
amb	3.488372093	88.37209302	8.139534884	NA	3	76	7	NA
ame	6.25	71.875	21.875	NA	2	23	7	NA
amf	NA	100	NA	NA	NA	1	NA	NA
ami	6.060606061	60.60606061	33.33333333	NA	2	20	11	NA
aml	NA	33.33333333	66.66666667	NA	NA	1	2	NA
amm	4.545454545	77.97202797	17.48251748	NA	13	223	50	NA
amn	NA	62.5	37.5	NA	NA	5	3	NA
amo	3.125	87.5	9.375	NA	1	28	3	NA
amp	2.173913043	78.26086957	17.39130435	2.173913043	1	36	8	1
amr	NA	NA	100	NA	NA	NA	1	NA
ams	NA	NA	100	NA	NA	NA	1	NA
amu	NA	100	NA	NA	NA	3	NA	NA
ana	0.952380952	54.28571429	44.76190476	NA	1	57	47	NA
anb	100	NA	NA	NA	1	NA	NA	NA
anc	8.571428571	77.14285714	11.42857143	2.857142857	3	27	4	1
and	5.426356589	71.31782946	20.15503876	3.100775194	7	92	26	4
ane	NA	54.83870968	45.16129032	NA	NA	17	14	NA
anf	NA	80	20	NA	NA	12	3	NA
ang	3.157894737	75.78947368	21.05263158	NA	3	72	20	NA
ani	6.12244898	77.55102041	14.28571429	2.040816327	3	38	7	1
anj	NA	100	NA	NA	NA	2	NA	NA
ank	NA	100	NA	NA	NA	1	NA	NA
ann	6.172839506	79.83539095	13.16872428	0.823045267	15	194	32	2
ano	8.695652174	34.7826087	56.52173913	NA	2	8	13	NA
ans	3.03030303	78.78787879	18.18181818	NA	1	26	6	NA
ant	3.571428571	70.08928571	26.11607143	0.223214286	16	314	117	1
anu	NA	100	NA	NA	NA	1	NA	NA
anv	NA	100	NA	NA	NA	1	NA	NA
any	NA	100	NA	NA	NA	1	NA	NA
anz	20	80	NA	NA	3	12	NA	NA
aor	NA	50	50	NA	NA	1	1	NA
aos	NA	100	NA	NA	NA	1	NA	NA
apa	NA	50	50	NA	NA	1	1	NA
ape	NA	92.85714286	7.142857143	NA	NA	13	1	NA
api	NA	75	25	NA	NA	3	1	NA
apn	NA	100	NA	NA	NA	2	NA	NA
apo	6.382978723	44.68085106	48.93617021	NA	3	21	23	NA
app	5.338078292	78.29181495	15.83629893	0.533807829	30	440	89	3
apr	6.666666667	58.33333333	35	NA	4	35	21	NA
apu	NA	80	20	NA	NA	4	1	NA
aqu	NA	83.33333333	16.66666667	NA	NA	10	2	NA
ara	7.547169811	64.1509434	28.30188679	NA	4	34	15	NA
arb	7.142857143	67.85714286	25	NA	2	19	7	NA
arc	3.389830508	64.40677966	32.20338983	NA	4	76	38	NA
ard	5	75	20	NA	2	30	8	NA
are	4	80	16	NA	1	20	4	NA
arg	5.172413793	75.86206897	18.96551724	NA	3	44	11	NA
ari	5.084745763	62.71186441	32.20338983	NA	3	37	19	NA
arj	NA	100	NA	NA	NA	1	NA	NA
ark	NA	50	50	NA	NA	1	1	NA
arl	NA	100	NA	NA	NA	9	NA	NA
arm	5	83.75	11.25	NA	4	67	9	NA
arn	8.333333333	91.66666667	NA	NA	1	11	NA	NA
aro	NA	71.42857143	28.57142857	NA	NA	10	4	NA
arp	NA	100	NA	NA	NA	12	NA	NA
arq	NA	100	NA	NA	NA	1	NA	NA
arr	7.076923077	79.07692308	13.53846154	0.307692308	23	257	44	1
ars	7.692307692	69.23076923	23.07692308	NA	1	9	3	NA
art	3.333333333	77.77777778	17.77777778	1.111111111	3	70	16	1
aru	NA	100	NA	NA	NA	1	NA	NA
arv	33.33333333	66.66666667	NA	NA	1	2	NA	NA
arz	25	75	NA	NA	2	6	NA	NA
asa	NA	100	NA	NA	NA	1	NA	NA
asb	NA	25	75	NA	NA	1	3	NA
asc	3.539823009	73.45132743	23.00884956	NA	4	83	26	NA
ase	12.5	50	37.5	NA	1	4	3	NA
asf	6.666666667	80	13.33333333	NA	1	12	2	NA
asi	4.166666667	41.66666667	54.16666667	NA	1	10	13	NA
asm	NA	40	60	NA	NA	2	3	NA
aso	16.66666667	16.66666667	66.66666667	NA	1	1	4	NA
asp	8.571428571	75.23809524	16.19047619	NA	9	79	17	NA
asq	NA	100	NA	NA	NA	1	NA	NA
ass	5.103969754	78.6389414	16.06805293	0.189035917	27	416	85	1
ast	4.347826087	70.43478261	25.2173913	NA	5	81	29	NA
ata	10	60	30	NA	1	6	3	NA
ate	6.666666667	73.33333333	20	NA	1	11	3	NA
ath	NA	100	NA	NA	NA	1	NA	NA
ati	NA	NA	100	NA	NA	NA	2	NA
atl	NA	55	45	NA	NA	11	9	NA
atm	NA	33.33333333	66.66666667	NA	NA	2	4	NA
ato	6.666666667	33.33333333	60	NA	1	5	9	NA
atr	6.25	87.5	6.25	NA	1	14	1	NA
att	6.279069767	74.65116279	18.60465116	0.465116279	27	321	80	2
atu	100	NA	NA	NA	1	NA	NA	NA
atz	NA	100	NA	NA	NA	2	NA	NA
aud	NA	88.88888889	11.11111111	NA	NA	16	2	NA
aug	2.941176471	70.58823529	23.52941176	2.941176471	1	24	8	1
aul	NA	62.5	37.5	NA	NA	5	3	NA
aum	10.34482759	58.62068966	31.03448276	NA	3	17	9	NA
aur	4.166666667	75	20.83333333	NA	1	18	5	NA
aus	2.222222222	71.11111111	24.44444444	2.222222222	1	32	11	1
aut	3.174603175	75.87301587	20.95238095	NA	10	239	66	NA
ava	3.225806452	83.87096774	12.90322581	NA	2	52	8	NA
ave	6.25	73.95833333	19.79166667	NA	6	71	19	NA
avi	10.71428571	67.85714286	21.42857143	NA	3	19	6	NA
avo	NA	100	NA	NA	NA	11	NA	NA
avv	4.24403183	74.27055703	21.22015915	0.265251989	16	280	80	1
aya	NA	100	NA	NA	NA	2	NA	NA
aza	NA	100	NA	NA	NA	1	NA	NA
aze	25	75	NA	NA	1	3	NA	NA
azi	3.703703704	85.18518519	11.11111111	NA	1	23	3	NA
azn	100	NA	NA	NA	1	NA	NA	NA
azo	NA	100	NA	NA	NA	3	NA	NA
azt	NA	100	NA	NA	NA	2	NA	NA
azu	NA	100	NA	NA	NA	1	NA	NA
azz	5.714285714	81.42857143	12.85714286	NA	4	57	9	NA
bab	9.090909091	86.36363636	4.545454545	NA	2	19	1	NA
bac	3.947368421	81.57894737	14.47368421	NA	3	62	11	NA
bad	12.12121212	84.84848485	3.03030303	NA	4	28	1	NA
baf	NA	100	NA	NA	NA	7	NA	NA
bag	6.557377049	80.32786885	13.1147541	NA	4	49	8	NA
bai	NA	80	20	NA	NA	12	3	NA
bal	7.142857143	78.57142857	14.28571429	NA	14	154	28	NA
bam	10.52631579	78.94736842	10.52631579	NA	2	15	2	NA
ban	5.063291139	87.34177215	7.594936709	NA	4	69	6	NA
bao	100	NA	NA	NA	1	NA	NA	NA
bar	5.150214592	81.97424893	12.44635193	0.429184549	12	191	29	1
bas	4.724409449	81.1023622	14.17322835	NA	6	103	18	NA
bat	3.149606299	75.59055118	21.25984252	NA	4	96	27	NA
bau	NA	85.71428571	14.28571429	NA	NA	6	1	NA
bav	NA	90	10	NA	NA	9	1	NA
baz	11.11111111	33.33333333	44.44444444	11.11111111	1	3	4	1
be'	33.33333333	66.66666667	NA	NA	1	2	NA	NA
bea	NA	69.23076923	30.76923077	NA	NA	9	4	NA
beb	25	75	NA	NA	1	3	NA	NA
bec	6.060606061	87.87878788	6.060606061	NA	2	29	2	NA
bed	22.22222222	77.77777778	NA	NA	2	7	NA	NA
bef	6.25	81.25	12.5	NA	1	13	2	NA
beg	NA	100	NA	NA	NA	6	NA	NA
bei	NA	100	NA	NA	NA	3	NA	NA
bel	2.654867257	87.61061947	9.734513274	NA	3	99	11	NA
bem	NA	100	NA	NA	NA	1	NA	NA
ben	5	83.75	11.25	NA	8	134	18	NA
beo	NA	100	NA	NA	NA	3	NA	NA
bep	NA	100	NA	NA	NA	4	NA	NA
ber	6.329113924	81.64556962	12.02531646	NA	10	129	19	NA
bes	8.333333333	87.5	4.166666667	NA	2	21	1	NA
bet	8	76	16	NA	2	19	4	NA
bev	14.28571429	71.42857143	14.28571429	NA	2	10	2	NA
bia	2.941176471	91.17647059	5.882352941	NA	2	62	4	NA
bib	3.846153846	57.69230769	38.46153846	NA	1	15	10	NA
bic	3.846153846	80.76923077	15.38461538	NA	1	21	4	NA
bid	22.22222222	77.77777778	NA	NA	2	7	NA	NA
bie	5	90	5	NA	1	18	1	NA
bif	8.333333333	83.33333333	8.333333333	NA	1	10	1	NA
big	8.571428571	91.42857143	NA	NA	3	32	NA	NA
bik	NA	100	NA	NA	NA	1	NA	NA
bil	5.555555556	91.66666667	2.777777778	NA	2	33	1	NA
bim	NA	100	NA	NA	NA	10	NA	NA
bin	NA	88.23529412	11.76470588	NA	NA	15	2	NA
bio	1.492537313	47.76119403	50.74626866	NA	1	32	34	NA
bip	NA	85.71428571	14.28571429	NA	NA	6	1	NA
bir	4.166666667	95.83333333	NA	NA	1	23	NA	NA
bis	5.952380952	85.71428571	8.333333333	NA	5	72	7	NA
bit	28.57142857	71.42857143	NA	NA	2	5	NA	NA
biu	NA	100	NA	NA	NA	1	NA	NA
biv	NA	83.33333333	16.66666667	NA	NA	5	1	NA
bix	NA	100	NA	NA	NA	1	NA	NA
biz	5.555555556	94.44444444	NA	NA	1	17	NA	NA
bla	NA	96.42857143	3.571428571	NA	NA	27	1	NA
ble	NA	100	NA	NA	NA	1	NA	NA
bli	NA	100	NA	NA	NA	9	NA	NA
blo	5.555555556	72.22222222	22.22222222	NA	2	26	8	NA
blu	NA	100	NA	NA	NA	10	NA	NA
boa	11.11111111	88.88888889	NA	NA	1	8	NA	NA
bob	12.5	87.5	NA	NA	1	7	NA	NA
boc	2.857142857	90	7.142857143	NA	2	63	5	NA
bod	NA	100	NA	NA	NA	6	NA	NA
boe	11.11111111	88.88888889	NA	NA	1	8	NA	NA
bof	16.66666667	83.33333333	NA	NA	1	5	NA	NA
bog	25	50	25	NA	1	2	1	NA
boi	NA	100	NA	NA	NA	11	NA	NA
bol	1.369863014	87.67123288	10.95890411	NA	1	64	8	NA
bom	3.03030303	84.84848485	12.12121212	NA	1	28	4	NA
bon	7	88	5	NA	7	88	5	NA
boo	NA	NA	100	NA	NA	NA	1	NA
bor	3.703703704	86.11111111	10.18518519	NA	4	93	11	NA
bos	5.263157895	73.68421053	21.05263158	NA	2	28	8	NA
bot	NA	81.81818182	18.18181818	NA	NA	36	8	NA
bou	NA	NA	100	NA	NA	NA	1	NA
bov	12.5	75	12.5	NA	1	6	1	NA
boz	NA	77.77777778	22.22222222	NA	NA	7	2	NA
bra	1.515151515	93.93939394	4.545454545	NA	2	124	6	NA
bre	2.43902439	85.36585366	12.19512195	NA	1	35	5	NA
bri	7.52688172	72.04301075	20.43010753	NA	7	67	19	NA
bro	9.259259259	79.62962963	11.11111111	NA	5	43	6	NA
bru	4.385964912	90.35087719	5.263157895	NA	5	103	6	NA
bub	14.28571429	57.14285714	28.57142857	NA	1	4	2	NA
buc	3.333333333	86.66666667	10	NA	1	26	3	NA
bud	NA	92.85714286	7.142857143	NA	NA	13	1	NA
bue	NA	100	NA	NA	NA	2	NA	NA
buf	4.347826087	73.91304348	21.73913043	NA	1	17	5	NA
bug	NA	93.75	6.25	NA	NA	15	1	NA
bui	NA	100	NA	NA	NA	5	NA	NA
bul	5	75	20	NA	1	15	4	NA
bum	NA	NA	100	NA	NA	NA	1	NA
bun	14.28571429	85.71428571	NA	NA	1	6	NA	NA
buo	NA	100	NA	NA	NA	28	NA	NA
bur	1.666666667	83.33333333	15	NA	1	50	9	NA
bus	5	87.5	7.5	NA	2	35	3	NA
but	11.36363636	61.36363636	27.27272727	NA	5	27	12	NA
buz	NA	100	NA	NA	NA	4	NA	NA
byp	NA	100	NA	NA	NA	1	NA	NA
cab	17.85714286	60.71428571	21.42857143	NA	5	17	6	NA
cac	5.882352941	80.88235294	13.23529412	NA	4	55	9	NA
cad	4.838709677	77.41935484	17.74193548	NA	3	48	11	NA
cae	NA	100	NA	NA	NA	3	NA	NA
caf	8.695652174	78.26086957	13.04347826	NA	2	18	3	NA
cag	3.225806452	87.09677419	9.677419355	NA	1	27	3	NA
cai	NA	91.66666667	8.333333333	NA	NA	11	1	NA
caj	NA	100	NA	NA	NA	1	NA	NA
cal	4.584527221	78.2234957	16.90544413	0.286532951	16	273	59	1
cam	4.240282686	82.68551237	12.36749117	0.706713781	12	234	35	2
can	7.645259939	80.73394495	11.62079511	NA	25	264	38	NA
cao	NA	42.85714286	57.14285714	NA	NA	3	4	NA
cap	4.021447721	83.91420912	12.06434316	NA	15	313	45	NA
car	3.846153846	79.48717949	16.3003663	0.366300366	21	434	89	2
cas	4.06779661	90.84745763	5.084745763	NA	12	268	15	NA
cat	4.848484848	69.6969697	24.84848485	0.606060606	8	115	41	1
cau	6	80	14	NA	3	40	7	NA
cav	7.96460177	81.4159292	10.61946903	NA	9	92	12	NA
caz	NA	83.33333333	16.66666667	NA	NA	10	2	NA
ceb	NA	100	NA	NA	NA	1	NA	NA
cec	6.060606061	93.93939394	NA	NA	2	31	NA	NA
ced	7.142857143	57.14285714	35.71428571	NA	3	24	15	NA
cef	20	50	30	NA	2	5	3	NA
cei	NA	100	NA	NA	NA	1	NA	NA
cek	NA	100	NA	NA	NA	2	NA	NA
cel	5.494505495	71.42857143	20.87912088	2.197802198	5	65	19	2
cem	NA	100	NA	NA	NA	19	NA	NA
cen	2.424242424	78.78787879	18.78787879	NA	4	130	31	NA
cep	NA	100	NA	NA	NA	3	NA	NA
cer	3.398058252	75.72815534	20.38834951	0.485436893	7	156	42	1
ces	6.756756757	77.02702703	16.21621622	NA	5	57	12	NA
cet	NA	66.66666667	33.33333333	NA	NA	10	5	NA
cev	NA	100	NA	NA	NA	1	NA	NA
cha	66.66666667	NA	33.33333333	NA	2	NA	1	NA
che	7.692307692	73.07692308	19.23076923	NA	2	19	5	NA
chi	3.778337531	65.99496222	28.46347607	1.763224181	15	262	113	7
cho	NA	100	NA	NA	NA	3	NA	NA
chr	NA	100	NA	NA	NA	2	NA	NA
cia	4.838709677	90.32258065	4.838709677	NA	3	56	3	NA
cib	NA	64.28571429	35.71428571	NA	NA	9	5	NA
cic	1.333333333	77.33333333	21.33333333	NA	1	58	16	NA
cid	NA	100	NA	NA	NA	1	NA	NA
cie	NA	84.61538462	15.38461538	NA	NA	11	2	NA
cif	11.11111111	88.88888889	NA	NA	1	8	NA	NA
cig	8.333333333	75	16.66666667	NA	1	9	2	NA
cil	3.125	84.375	12.5	NA	1	27	4	NA
cim	NA	75	25	NA	NA	27	9	NA
cin	3.164556962	72.78481013	24.05063291	NA	5	115	38	NA
cio	6.896551724	72.4137931	17.24137931	3.448275862	2	21	5	1
cip	NA	95.83333333	4.166666667	NA	NA	23	1	NA
cir	7.75862069	73.27586207	17.24137931	1.724137931	9	85	20	2
cis	NA	90.90909091	9.090909091	NA	NA	20	2	NA
cit	11.76470588	70.58823529	17.64705882	NA	6	36	9	NA
ciu	16.66666667	83.33333333	NA	NA	2	10	NA	NA
civ	5.263157895	73.68421053	21.05263158	NA	2	28	8	NA
cla	2.666666667	70.66666667	25.33333333	1.333333333	2	53	19	1
cle	NA	90.90909091	9.090909091	NA	NA	20	2	NA
cli	NA	71.42857143	28.57142857	NA	NA	30	12	NA
clo	NA	80	20	NA	NA	16	4	NA
clu	NA	100	NA	NA	NA	2	NA	NA
cno	NA	100	NA	NA	NA	1	NA	NA
coa	3.03030303	87.87878788	6.060606061	3.03030303	1	29	2	1
cob	NA	100	NA	NA	NA	3	NA	NA
coc	NA	78.72340426	19.14893617	2.127659574	NA	37	9	1
cod	5.555555556	83.33333333	11.11111111	NA	2	30	4	NA
coe	NA	69.23076923	30.76923077	NA	NA	18	8	NA
cof	NA	80	20	NA	NA	4	1	NA
cog	3.846153846	71.15384615	25	NA	2	37	13	NA
coi	5.660377358	66.03773585	28.30188679	NA	3	35	15	NA
col	4.026845638	81.20805369	13.87024609	0.894854586	18	363	62	4
com	5.936073059	76.59817352	16.89497717	0.570776256	52	671	148	5
con	4.531456225	76.3308403	18.65376155	0.483941927	103	1735	424	11
coo	7.692307692	76.92307692	15.38461538	NA	2	20	4	NA
cop	2.727272727	80.90909091	16.36363636	NA	3	89	18	NA
cor	4.458598726	80.04246285	15.49893843	NA	21	377	73	NA
cos	5.031446541	73.27044025	21.69811321	NA	16	233	69	NA
cot	7.142857143	78.57142857	14.28571429	NA	2	22	4	NA
cou	100	NA	NA	NA	1	NA	NA	NA
cov	NA	83.33333333	16.66666667	NA	NA	15	3	NA
coz	8.333333333	91.66666667	NA	NA	1	11	NA	NA
cra	NA	87.5	12.5	NA	NA	21	3	NA
cre	4.347826087	69.56521739	25.65217391	0.434782609	10	160	59	1
cri	7.518796992	73.68421053	18.04511278	0.751879699	10	98	24	1
cro	3.546099291	71.63120567	24.11347518	0.709219858	5	101	34	1
cru	3.333333333	96.66666667	NA	NA	1	29	NA	NA
cua	NA	100	NA	NA	NA	1	NA	NA
cub	5.263157895	89.47368421	5.263157895	NA	1	17	1	NA
cuc	6.557377049	77.04918033	16.39344262	NA	4	47	10	NA
cud	NA	100	NA	NA	NA	1	NA	NA
cuf	NA	100	NA	NA	NA	2	NA	NA
cug	NA	100	NA	NA	NA	4	NA	NA
cui	NA	100	NA	NA	NA	1	NA	NA
cul	9.090909091	81.81818182	6.818181818	2.272727273	4	36	3	1
cum	5.882352941	76.47058824	11.76470588	5.882352941	1	13	2	1
cun	NA	63.63636364	36.36363636	NA	NA	7	4	NA
cuo	NA	61.29032258	38.70967742	NA	NA	19	12	NA
cup	NA	85.71428571	14.28571429	NA	NA	12	2	NA
cur	8.988764045	75.28089888	15.73033708	NA	8	67	14	NA
cus	7.407407407	85.18518519	7.407407407	NA	2	23	2	NA
cut	NA	57.14285714	42.85714286	NA	NA	8	6	NA
cyr	50	50	NA	NA	1	1	NA	NA
d'a	2.325581395	88.37209302	9.302325581	NA	1	38	4	NA
d'e	28.57142857	71.42857143	NA	NA	2	5	NA	NA
d'i	NA	75	25	NA	NA	3	1	NA
d'o	NA	100	NA	NA	NA	5	NA	NA
d'u	NA	100	NA	NA	NA	4	NA	NA
dab	NA	66.66666667	33.33333333	NA	NA	2	1	NA
dac	20	80	NA	NA	1	4	NA	NA
dad	10	90	NA	NA	1	9	NA	NA
daf	NA	100	NA	NA	NA	2	NA	NA
dag	33.33333333	33.33333333	33.33333333	NA	1	1	1	NA
dai	NA	100	NA	NA	NA	4	NA	NA
dak	66.66666667	33.33333333	NA	NA	2	1	NA	NA
dal	10.34482759	72.4137931	17.24137931	NA	3	21	5	NA
dam	NA	91.30434783	8.695652174	NA	NA	21	2	NA
dan	5.681818182	82.95454545	11.36363636	NA	5	73	10	NA
dap	NA	100	NA	NA	NA	3	NA	NA
dar	3.96039604	59.40594059	35.64356436	0.99009901	4	60	36	1
das	NA	100	NA	NA	NA	1	NA	NA
dat	3.333333333	66.66666667	30	NA	1	20	9	NA
dav	13.33333333	53.33333333	33.33333333	NA	2	8	5	NA
daz	NA	100	NA	NA	NA	3	NA	NA
de'	80	20	NA	NA	4	1	NA	NA
dea	NA	100	NA	NA	NA	4	NA	NA
deb	4.347826087	71.73913043	23.91304348	NA	2	33	11	NA
dec	4.850746269	77.98507463	16.79104478	0.373134328	13	209	45	1
ded	6.666666667	60	30	3.333333333	4	36	18	2
dee	NA	100	NA	NA	NA	1	NA	NA
def	3.603603604	81.98198198	14.41441441	NA	4	91	16	NA
deg	6.779661017	76.27118644	16.94915254	NA	4	45	10	NA
dei	20	80	NA	NA	1	4	NA	NA
del	1.315789474	84.86842105	11.18421053	2.631578947	2	129	17	4
dem	3.03030303	61.61616162	35.35353535	NA	3	61	35	NA
den	3.03030303	82.82828283	14.14141414	NA	3	82	14	NA
deo	NA	75	25	NA	NA	3	1	NA
dep	3.076923077	76.15384615	20	0.769230769	4	99	26	1
deq	NA	100	NA	NA	NA	5	NA	NA
der	5	72.5	22.5	NA	4	58	18	NA
des	4.166666667	75.52083333	19.79166667	0.520833333	8	145	38	1
det	4.511278195	81.20300752	12.78195489	1.503759398	6	108	17	2
deu	NA	83.33333333	16.66666667	NA	NA	5	1	NA
dev	4.081632653	89.79591837	6.12244898	NA	2	44	3	NA
di 	NA	100	NA	NA	NA	1	NA	NA
di'	100	NA	NA	NA	1	NA	NA	NA
dia	1.123595506	56.17977528	41.57303371	1.123595506	1	50	37	1
dib	NA	61.9047619	38.0952381	NA	NA	13	8	NA
dic	1.818181818	72.72727273	25.45454545	NA	1	40	14	NA
did	NA	38.88888889	61.11111111	NA	NA	7	11	NA
die	3.571428571	60.71428571	35.71428571	NA	1	17	10	NA
dif	4.316546763	69.0647482	25.17985612	1.438848921	6	96	35	2
dig	5.172413793	86.20689655	8.620689655	NA	3	50	5	NA
dil	5.405405405	73.87387387	20.72072072	NA	6	82	23	NA
dim	7.514450867	71.0982659	20.23121387	1.156069364	13	123	35	2
din	7.5	65	27.5	NA	3	26	11	NA
dio	NA	60.86956522	39.13043478	NA	NA	14	9	NA
dip	2.898550725	65.2173913	31.88405797	NA	2	45	22	NA
dir	2.247191011	71.34831461	26.40449438	NA	4	127	47	NA
dis	2.525724977	79.23292797	17.96071094	0.280636109	27	847	192	3
dit	NA	84.61538462	15.38461538	NA	NA	11	2	NA
diu	NA	44.44444444	55.55555556	NA	NA	4	5	NA
div	5.633802817	74.29577465	19.71830986	0.352112676	16	211	56	1
diz	NA	100	NA	NA	NA	3	NA	NA
dja	33.33333333	66.66666667	NA	NA	1	2	NA	NA
doa	100	NA	NA	NA	1	NA	NA	NA
dob	NA	100	NA	NA	NA	3	NA	NA
doc	2.941176471	82.35294118	14.70588235	NA	1	28	5	NA
dod	NA	57.14285714	42.85714286	NA	NA	8	6	NA
dog	NA	83.33333333	16.66666667	NA	NA	20	4	NA
dol	3.846153846	78.84615385	17.30769231	NA	2	41	9	NA
dom	5.825242718	72.81553398	20.38834951	0.970873786	6	75	21	1
don	7.792207792	75.32467532	15.58441558	1.298701299	6	58	12	1
dop	2.272727273	93.18181818	4.545454545	NA	1	41	2	NA
dor	9.722222222	79.16666667	11.11111111	NA	7	57	8	NA
dos	NA	100	NA	NA	NA	19	NA	NA
dot	14.70588235	82.35294118	2.941176471	NA	5	28	1	NA
dov	5.555555556	76.38888889	18.05555556	NA	4	55	13	NA
doz	NA	100	NA	NA	NA	5	NA	NA
dra	6	72	22	NA	3	36	11	NA
dre	NA	100	NA	NA	NA	7	NA	NA
dri	6.666666667	80	13.33333333	NA	1	12	2	NA
dro	NA	89.47368421	10.52631579	NA	NA	17	2	NA
dru	NA	80	20	NA	NA	4	1	NA
dua	NA	100	NA	NA	NA	1	NA	NA
dub	4.166666667	70.83333333	20.83333333	4.166666667	1	17	5	1
duc	NA	100	NA	NA	NA	11	NA	NA
due	NA	100	NA	NA	NA	19	NA	NA
dug	NA	100	NA	NA	NA	2	NA	NA
dui	NA	100	NA	NA	NA	1	NA	NA
duk	NA	100	NA	NA	NA	1	NA	NA
dul	NA	100	NA	NA	NA	2	NA	NA
dum	NA	100	NA	NA	NA	1	NA	NA
dun	NA	100	NA	NA	NA	2	NA	NA
duo	NA	100	NA	NA	NA	3	NA	NA
dup	8.333333333	75	16.66666667	NA	1	9	2	NA
dur	20.40816327	63.26530612	16.32653061	NA	10	31	8	NA
dus	NA	100	NA	NA	NA	1	NA	NA
dut	25	25	50	NA	1	1	2	NA
e'c	NA	100	NA	NA	NA	1	NA	NA
e'v	NA	NA	100	NA	NA	NA	1	NA
eba	NA	75	25	NA	NA	3	1	NA
ebb	NA	100	NA	NA	NA	3	NA	NA
ebe	NA	NA	100	NA	NA	NA	1	NA
ebn	100	NA	NA	NA	1	NA	NA	NA
ebo	NA	50	50	NA	NA	1	1	NA
ebr	NA	50	50	NA	NA	5	5	NA
ebu	NA	NA	100	NA	NA	NA	2	NA
eca	NA	100	NA	NA	NA	1	NA	NA
ecc	5.154639175	65.97938144	27.83505155	1.030927835	5	64	27	1
ech	6.25	68.75	25	NA	1	11	4	NA
ecl	NA	63.63636364	36.36363636	NA	NA	7	4	NA
eco	2.631578947	60.52631579	36.84210526	NA	1	23	14	NA
ect	NA	100	NA	NA	NA	1	NA	NA
ecu	NA	20	80	NA	NA	1	4	NA
ecz	NA	100	NA	NA	NA	2	NA	NA
eda	NA	NA	100	NA	NA	NA	1	NA
edd	NA	100	NA	NA	NA	1	NA	NA
ede	NA	71.42857143	28.57142857	NA	NA	5	2	NA
edg	NA	100	NA	NA	NA	1	NA	NA
edi	3.703703704	74.07407407	22.22222222	NA	2	40	12	NA
edm	NA	100	NA	NA	NA	3	NA	NA
edo	NA	80	20	NA	NA	8	2	NA
edu	NA	96.55172414	3.448275862	NA	NA	28	1	NA
edw	NA	100	NA	NA	NA	1	NA	NA
efe	20	20	60	NA	1	1	3	NA
eff	6.451612903	79.03225806	14.51612903	NA	4	49	9	NA
efi	NA	100	NA	NA	NA	1	NA	NA
ege	NA	62.5	37.5	NA	NA	5	3	NA
egi	NA	86.66666667	13.33333333	NA	NA	13	2	NA
egl	NA	100	NA	NA	NA	12	NA	NA
ego	NA	61.11111111	38.88888889	NA	NA	11	7	NA
egr	NA	100	NA	NA	NA	2	NA	NA
egu	6.25	81.25	12.5	NA	1	13	2	NA
eia	NA	100	NA	NA	NA	1	NA	NA
ein	NA	100	NA	NA	NA	2	NA	NA
eka	NA	100	NA	NA	NA	1	NA	NA
ela	11.9047619	69.04761905	16.66666667	2.380952381	5	29	7	1
elb	NA	100	NA	NA	NA	1	NA	NA
eld	NA	100	NA	NA	NA	3	NA	NA
ele	5.194805195	64.28571429	30.51948052	NA	8	99	47	NA
elf	NA	100	NA	NA	NA	2	NA	NA
elg	NA	100	NA	NA	NA	2	NA	NA
eli	4.166666667	72.22222222	22.22222222	1.388888889	3	52	16	1
ell	NA	43.75	56.25	NA	NA	7	9	NA
elm	16.66666667	83.33333333	NA	NA	1	5	NA	NA
elo	NA	100	NA	NA	NA	16	NA	NA
elp	NA	100	NA	NA	NA	1	NA	NA
els	NA	100	NA	NA	NA	3	NA	NA
elu	NA	75	25	NA	NA	9	3	NA
elv	NA	50	50	NA	NA	4	4	NA
elz	NA	100	NA	NA	NA	1	NA	NA
ema	5.128205128	82.05128205	12.82051282	NA	2	32	5	NA
emb	NA	69.23076923	30.76923077	NA	NA	9	4	NA
eme	6.25	68.75	25	NA	3	33	12	NA
emi	1.923076923	88.46153846	9.615384615	NA	1	46	5	NA
emm	NA	66.66666667	33.33333333	NA	NA	2	1	NA
emo	5.555555556	69.44444444	25	NA	2	25	9	NA
emp	5.263157895	47.36842105	47.36842105	NA	1	9	9	NA
emu	7.142857143	71.42857143	21.42857143	NA	1	10	3	NA
ena	NA	100	NA	NA	NA	1	NA	NA
enc	NA	50	50	NA	NA	7	7	NA
end	NA	52.17391304	47.82608696	NA	NA	12	11	NA
ene	NA	35.71428571	64.28571429	NA	NA	5	9	NA
enf	5.263157895	68.42105263	26.31578947	NA	1	13	5	NA
eni	15.38461538	38.46153846	46.15384615	NA	2	5	6	NA
enn	NA	66.66666667	33.33333333	NA	NA	4	2	NA
eno	7.142857143	50	42.85714286	NA	1	7	6	NA
enr	NA	100	NA	NA	NA	3	NA	NA
ent	7.594936709	72.15189873	20.25316456	NA	6	57	16	NA
enu	NA	73.33333333	26.66666667	NA	NA	11	4	NA
env	NA	100	NA	NA	NA	1	NA	NA
enz	NA	66.66666667	33.33333333	NA	NA	4	2	NA
eol	NA	60	40	NA	NA	3	2	NA
epa	NA	33.33333333	66.66666667	NA	NA	3	6	NA
epi	1.612903226	46.77419355	51.61290323	NA	1	29	32	NA
epo	NA	50	50	NA	NA	5	5	NA
epp	33.33333333	66.66666667	NA	NA	1	2	NA	NA
eps	NA	100	NA	NA	NA	1	NA	NA
epu	20	80	NA	NA	1	4	NA	NA
equ	2.597402597	88.31168831	9.090909091	NA	2	68	7	NA
era	NA	83.33333333	16.66666667	NA	NA	10	2	NA
erb	NA	65	35	NA	NA	13	7	NA
erc	NA	50	50	NA	NA	2	2	NA
ere	10.25641026	69.23076923	20.51282051	NA	4	27	8	NA
erg	NA	58.33333333	41.66666667	NA	NA	7	5	NA
eri	7.407407407	59.25925926	33.33333333	NA	2	16	9	NA
erm	5.263157895	73.68421053	21.05263158	NA	1	14	4	NA
ern	NA	100	NA	NA	NA	5	NA	NA
ero	NA	56.52173913	41.30434783	2.173913043	NA	26	19	1
err	NA	91.30434783	8.695652174	NA	NA	21	2	NA
ers	NA	100	NA	NA	NA	4	NA	NA
ert	NA	100	NA	NA	NA	2	NA	NA
eru	NA	100	NA	NA	NA	13	NA	NA
erz	NA	100	NA	NA	NA	1	NA	NA
esa	5.755395683	79.85611511	12.94964029	1.438848921	8	111	18	2
esb	NA	100	NA	NA	NA	2	NA	NA
esc	3.658536585	75.6097561	19.51219512	1.219512195	3	62	16	1
ese	8.43373494	77.10843373	13.25301205	1.204819277	7	64	11	1
esf	NA	100	NA	NA	NA	1	NA	NA
esi	5.882352941	69.74789916	24.3697479	NA	7	83	29	NA
esk	NA	50	50	NA	NA	1	1	NA
esm	100	NA	NA	NA	1	NA	NA	NA
eso	5.714285714	62.85714286	31.42857143	NA	4	44	22	NA
esp	4.291845494	77.68240343	18.02575107	NA	10	181	42	NA
esq	NA	100	NA	NA	NA	3	NA	NA
ess	3.703703704	63.88888889	25	7.407407407	4	69	27	8
est	2.403846154	73.55769231	24.03846154	NA	5	153	50	NA
esu	NA	60	40	NA	NA	12	8	NA
eta	50	50	NA	NA	1	1	NA	NA
ete	13.04347826	43.47826087	43.47826087	NA	3	10	10	NA
eti	4	52	44	NA	1	13	11	NA
etn	NA	58.82352941	41.17647059	NA	NA	10	7	NA
eto	NA	20	80	NA	NA	1	4	NA
etr	NA	88.88888889	11.11111111	NA	NA	8	1	NA
ett	NA	42.85714286	57.14285714	NA	NA	3	4	NA
euc	NA	66.66666667	33.33333333	NA	NA	4	2	NA
euf	NA	72.72727273	27.27272727	NA	NA	8	3	NA
eug	NA	100	NA	NA	NA	3	NA	NA
eum	NA	NA	100	NA	NA	NA	1	NA
eun	NA	100	NA	NA	NA	1	NA	NA
eup	NA	100	NA	NA	NA	1	NA	NA
eur	4.081632653	79.59183673	16.32653061	NA	2	39	8	NA
eus	NA	100	NA	NA	NA	3	NA	NA
eut	NA	100	NA	NA	NA	3	NA	NA
eva	4.444444444	77.77777778	15.55555556	2.222222222	2	35	7	1
eve	5.882352941	88.23529412	5.882352941	NA	1	15	1	NA
evi	8.771929825	70.1754386	17.54385965	3.50877193	5	40	10	2
evo	2.702702703	75.67567568	18.91891892	2.702702703	1	28	7	1
evv	NA	100	NA	NA	NA	1	NA	NA
exc	NA	100	NA	NA	NA	1	NA	NA
exp	50	50	NA	NA	1	1	NA	NA
ext	6.666666667	86.66666667	6.666666667	NA	1	13	1	NA
eze	NA	100	NA	NA	NA	1	NA	NA
ezi	NA	100	NA	NA	NA	1	NA	NA
fab	3.921568627	78.43137255	15.68627451	1.960784314	2	40	8	1
fac	4.47761194	85.07462687	7.462686567	2.985074627	3	57	5	2
fad	NA	100	NA	NA	NA	2	NA	NA
fae	NA	100	NA	NA	NA	3	NA	NA
fag	NA	100	NA	NA	NA	21	NA	NA
fai	NA	100	NA	NA	NA	5	NA	NA
fal	6.666666667	83.80952381	8.571428571	0.952380952	7	88	9	1
fam	9.677419355	80.64516129	9.677419355	NA	3	25	3	NA
fan	3.773584906	72.64150943	22.64150943	0.943396226	4	77	24	1
fao	NA	100	NA	NA	NA	1	NA	NA
far	1.449275362	66.18357488	32.36714976	NA	3	137	67	NA
fas	1.5625	92.1875	6.25	NA	1	59	4	NA
fat	11.84210526	76.31578947	11.84210526	NA	9	58	9	NA
fau	NA	80	20	NA	NA	12	3	NA
fav	4.081632653	77.55102041	18.36734694	NA	2	38	9	NA
faz	7.692307692	92.30769231	NA	NA	1	12	NA	NA
fe'	NA	NA	100	NA	NA	NA	1	NA
feb	NA	91.66666667	8.333333333	NA	NA	11	1	NA
fec	7.692307692	84.61538462	7.692307692	NA	1	11	1	NA
fed	6.52173913	78.26086957	15.2173913	NA	3	36	7	NA
feg	NA	NA	100	NA	NA	NA	1	NA
fei	NA	100	NA	NA	NA	1	NA	NA
fel	7.317073171	87.80487805	4.87804878	NA	3	36	2	NA
fem	9.523809524	61.9047619	28.57142857	NA	2	13	6	NA
fen	3.333333333	66.66666667	30	NA	1	20	9	NA
feo	NA	100	NA	NA	NA	1	NA	NA
fer	6.598984772	76.14213198	17.25888325	NA	13	150	34	NA
fes	6.779661017	86.44067797	6.779661017	NA	4	51	4	NA
fet	4.761904762	90.47619048	4.761904762	NA	1	19	1	NA
feu	NA	80	20	NA	NA	4	1	NA
fia	4.225352113	88.73239437	7.042253521	NA	3	63	5	NA
fib	NA	72.22222222	27.77777778	NA	NA	13	5	NA
fic	4.761904762	85.71428571	9.523809524	NA	1	18	2	NA
fid	10.9375	79.6875	9.375	NA	7	51	6	NA
fie	NA	75	25	NA	NA	12	4	NA
fif	NA	100	NA	NA	NA	2	NA	NA
fig	7.692307692	69.23076923	23.07692308	NA	5	45	15	NA
fii	NA	100	NA	NA	NA	1	NA	NA
fij	NA	100	NA	NA	NA	1	NA	NA
fil	3.205128205	73.07692308	23.71794872	NA	5	114	37	NA
fim	NA	100	NA	NA	NA	2	NA	NA
fin	7.051282051	76.92307692	16.02564103	NA	11	120	25	NA
fio	5	83.75	11.25	NA	4	67	9	NA
fir	11.11111111	80.55555556	8.333333333	NA	4	29	3	NA
fis	6.862745098	65.68627451	27.45098039	NA	7	67	28	NA
fit	NA	91.30434783	8.695652174	NA	NA	21	2	NA
fiu	NA	94.44444444	5.555555556	NA	NA	17	1	NA
fla	2.702702703	83.78378378	13.51351351	NA	1	31	5	NA
fle	12	52	36	NA	3	13	9	NA
fli	NA	100	NA	NA	NA	6	NA	NA
flo	NA	84.84848485	15.15151515	NA	NA	28	5	NA
flu	2.702702703	83.78378378	13.51351351	NA	1	31	5	NA
foa	50	50	NA	NA	1	1	NA	NA
fob	NA	40	60	NA	NA	2	3	NA
foc	7.142857143	92.85714286	NA	NA	2	26	NA	NA
fod	NA	57.14285714	42.85714286	NA	NA	4	3	NA
foe	NA	100	NA	NA	NA	1	NA	NA
fof	33.33333333	66.66666667	NA	NA	1	2	NA	NA
fog	NA	96.96969697	3.03030303	NA	NA	32	1	NA
foi	NA	100	NA	NA	NA	2	NA	NA
fol	NA	77.27272727	22.72727273	NA	NA	34	10	NA
fom	16.66666667	83.33333333	NA	NA	1	5	NA	NA
fon	5.617977528	77.52808989	16.85393258	NA	5	69	15	NA
for	4.126984127	80.31746032	15.55555556	NA	13	253	49	NA
fos	3.125	81.25	15.625	NA	1	26	5	NA
fot	1.298701299	61.03896104	36.36363636	1.298701299	1	47	28	1
fra	5.172413793	84.05172414	10.77586207	NA	12	195	25	NA
fre	3.267973856	81.04575163	14.37908497	1.307189542	5	124	22	2
fri	5.084745763	66.10169492	28.81355932	NA	3	39	17	NA
fro	NA	86.04651163	13.95348837	NA	NA	37	6	NA
fru	7.865168539	77.52808989	14.60674157	NA	7	69	13	NA
fub	NA	100	NA	NA	NA	1	NA	NA
fuc	NA	100	NA	NA	NA	17	NA	NA
fue	NA	100	NA	NA	NA	1	NA	NA
fuf	NA	100	NA	NA	NA	1	NA	NA
fug	6.818181818	81.81818182	11.36363636	NA	3	36	5	NA
fui	NA	100	NA	NA	NA	1	NA	NA
ful	5.714285714	60	34.28571429	NA	2	21	12	NA
fum	5.405405405	83.78378378	10.81081081	NA	2	31	4	NA
fun	4.761904762	69.84126984	25.3968254	NA	3	44	16	NA
fuo	2.941176471	91.17647059	5.882352941	NA	1	31	2	NA
fur	3.636363636	92.72727273	3.636363636	NA	2	51	2	NA
fus	3.846153846	92.30769231	3.846153846	NA	1	24	1	NA
fut	5.555555556	50	44.44444444	NA	1	9	8	NA
fux	NA	100	NA	NA	NA	2	NA	NA
ga'	NA	100	NA	NA	NA	1	NA	NA
gab	2.777777778	94.44444444	2.777777778	NA	1	34	1	NA
gad	NA	100	NA	NA	NA	4	NA	NA
gae	20	60	20	NA	1	3	1	NA
gaf	33.33333333	66.66666667	NA	NA	1	2	NA	NA
gag	9.090909091	81.81818182	9.090909091	NA	1	9	1	NA
gai	NA	100	NA	NA	NA	9	NA	NA
gak	NA	100	NA	NA	NA	1	NA	NA
gal	3.053435115	89.3129771	7.633587786	NA	4	117	10	NA
gam	5.555555556	86.11111111	8.333333333	NA	2	31	3	NA
gan	8.333333333	75	16.66666667	NA	2	18	4	NA
gar	6.617647059	78.67647059	14.70588235	NA	9	107	20	NA
gas	7.01754386	63.15789474	29.8245614	NA	4	36	17	NA
gat	NA	100	NA	NA	NA	16	NA	NA
gau	NA	100	NA	NA	NA	5	NA	NA
gav	8.333333333	91.66666667	NA	NA	1	11	NA	NA
gay	NA	100	NA	NA	NA	1	NA	NA
gaz	NA	100	NA	NA	NA	17	NA	NA
ge'	NA	100	NA	NA	NA	1	NA	NA
ged	50	50	NA	NA	1	1	NA	NA
geg	100	NA	NA	NA	1	NA	NA	NA
gel	4.651162791	86.04651163	9.302325581	NA	2	37	4	NA
gem	NA	73.33333333	26.66666667	NA	NA	22	8	NA
gen	5.633802817	73.94366197	19.71830986	0.704225352	8	105	28	1
geo	NA	35.29411765	64.70588235	NA	NA	18	33	NA
gep	NA	100	NA	NA	NA	2	NA	NA
ger	5.194805195	68.83116883	25.97402597	NA	4	53	20	NA
ges	5.357142857	82.14285714	10.71428571	1.785714286	3	46	6	1
get	4.651162791	69.76744186	25.58139535	NA	2	30	11	NA
gha	NA	100	NA	NA	NA	2	NA	NA
ghe	NA	100	NA	NA	NA	21	NA	NA
ghi	1.470588235	94.11764706	4.411764706	NA	1	64	3	NA
gia	3.370786517	88.20224719	8.426966292	NA	6	157	15	NA
gib	16.66666667	83.33333333	NA	NA	2	10	NA	NA
gif	NA	100	NA	NA	NA	1	NA	NA
gig	4.166666667	95.83333333	NA	NA	1	23	NA	NA
gil	13.33333333	86.66666667	NA	NA	2	13	NA	NA
gim	NA	100	NA	NA	NA	6	NA	NA
gin	5.128205128	66.66666667	28.20512821	NA	2	26	11	NA
gio	6.698564593	81.33971292	11.96172249	NA	14	170	25	NA
gip	NA	100	NA	NA	NA	1	NA	NA
gir	5.405405405	67.56756757	25.67567568	1.351351351	4	50	19	1
gis	NA	71.42857143	28.57142857	NA	NA	5	2	NA
git	NA	100	NA	NA	NA	11	NA	NA
giu	3.238866397	75.70850202	19.43319838	1.619433198	8	187	48	4
giv	NA	100	NA	NA	NA	1	NA	NA
giz	NA	100	NA	NA	NA	2	NA	NA
gla	13.04347826	82.60869565	4.347826087	NA	3	19	1	NA
gle	NA	100	NA	NA	NA	2	NA	NA
gli	NA	60	40	NA	NA	6	4	NA
glo	11.11111111	81.48148148	7.407407407	NA	3	22	2	NA
glu	NA	71.42857143	28.57142857	NA	NA	5	2	NA
gno	NA	66.66666667	33.33333333	NA	NA	4	2	NA
gnu	NA	100	NA	NA	NA	1	NA	NA
goa	NA	100	NA	NA	NA	1	NA	NA
gob	12.5	87.5	NA	NA	1	7	NA	NA
goc	NA	90	10	NA	NA	9	1	NA
god	6.382978723	65.95744681	27.65957447	NA	3	31	13	NA
gof	NA	80	20	NA	NA	8	2	NA
gog	33.33333333	66.66666667	NA	NA	2	4	NA	NA
goi	NA	100	NA	NA	NA	2	NA	NA
gol	7.317073171	78.04878049	14.63414634	NA	3	32	6	NA
gom	NA	82.35294118	17.64705882	NA	NA	14	3	NA
gon	NA	76.92307692	23.07692308	NA	NA	30	9	NA
gor	3.571428571	92.85714286	3.571428571	NA	1	26	1	NA
gos	33.33333333	66.66666667	NA	NA	2	4	NA	NA
got	NA	75	25	NA	NA	12	4	NA
gov	12.5	75	12.5	NA	4	24	4	NA
goz	NA	83.33333333	16.66666667	NA	NA	5	1	NA
gra	5.015673981	75.54858934	19.12225705	0.313479624	16	241	61	1
gre	5.454545455	92.72727273	1.818181818	NA	3	51	1	NA
gri	4.166666667	89.58333333	6.25	NA	4	86	6	NA
gro	2.272727273	95.45454545	2.272727273	NA	1	42	1	NA
gru	4.545454545	86.36363636	9.090909091	NA	1	19	2	NA
gua	5.777777778	79.11111111	15.11111111	NA	13	178	34	NA
gub	NA	100	NA	NA	NA	5	NA	NA
guc	NA	100	NA	NA	NA	4	NA	NA
gud	NA	100	NA	NA	NA	2	NA	NA
gue	3.333333333	96.66666667	NA	NA	1	29	NA	NA
guf	NA	100	NA	NA	NA	2	NA	NA
gug	NA	100	NA	NA	NA	7	NA	NA
gui	7.272727273	81.81818182	10.90909091	NA	4	45	6	NA
gul	33.33333333	66.66666667	NA	NA	2	4	NA	NA
gum	NA	100	NA	NA	NA	1	NA	NA
gun	NA	100	NA	NA	NA	2	NA	NA
gur	NA	50	50	NA	NA	1	1	NA
gus	8	88	4	NA	2	22	1	NA
gut	NA	100	NA	NA	NA	3	NA	NA
guz	NA	100	NA	NA	NA	5	NA	NA
hab	NA	50	50	NA	NA	1	1	NA
hag	100	NA	NA	NA	1	NA	NA	NA
hai	NA	100	NA	NA	NA	2	NA	NA
ham	50	50	NA	NA	1	1	NA	NA
han	NA	100	NA	NA	NA	5	NA	NA
has	100	NA	NA	NA	1	NA	NA	NA
hav	NA	100	NA	NA	NA	1	NA	NA
heg	NA	100	NA	NA	NA	2	NA	NA
hel	NA	50	50	NA	NA	1	1	NA
hen	50	25	25	NA	2	1	1	NA
her	NA	33.33333333	66.66666667	NA	NA	1	2	NA
hil	NA	100	NA	NA	NA	1	NA	NA
him	NA	100	NA	NA	NA	2	NA	NA
hip	NA	100	NA	NA	NA	1	NA	NA
hir	NA	100	NA	NA	NA	1	NA	NA
hit	NA	100	NA	NA	NA	5	NA	NA
hob	NA	66.66666667	33.33333333	NA	NA	2	1	NA
hom	NA	NA	100	NA	NA	NA	1	NA
hon	NA	100	NA	NA	NA	5	NA	NA
hor	NA	100	NA	NA	NA	3	NA	NA
hos	NA	50	50	NA	NA	1	1	NA
hum	NA	100	NA	NA	NA	1	NA	NA
hus	NA	100	NA	NA	NA	1	NA	NA
iac	NA	92.85714286	7.142857143	NA	NA	13	1	NA
ian	33.33333333	66.66666667	NA	NA	2	4	NA	NA
iap	NA	100	NA	NA	NA	1	NA	NA
ias	50	50	NA	NA	1	1	NA	NA
iat	NA	100	NA	NA	NA	2	NA	NA
ibe	NA	66.66666667	33.33333333	NA	NA	6	3	NA
ibi	NA	100	NA	NA	NA	3	NA	NA
ibl	NA	100	NA	NA	NA	1	NA	NA
ibr	NA	NA	100	NA	NA	NA	3	NA
ibs	NA	100	NA	NA	NA	2	NA	NA
ica	NA	100	NA	NA	NA	2	NA	NA
icc	100	NA	NA	NA	1	NA	NA	NA
ico	NA	62.5	37.5	NA	NA	5	3	NA
ics	NA	100	NA	NA	NA	1	NA	NA
ict	NA	100	NA	NA	NA	1	NA	NA
ida	NA	100	NA	NA	NA	3	NA	NA
idd	NA	100	NA	NA	NA	1	NA	NA
ide	11.11111111	61.11111111	25	2.777777778	8	44	18	2
idi	NA	73.68421053	26.31578947	NA	NA	14	5	NA
ido	7.692307692	46.15384615	46.15384615	NA	1	6	6	NA
idr	1.754385965	56.14035088	42.10526316	NA	1	32	24	NA
idu	NA	100	NA	NA	NA	1	NA	NA
ie'	NA	100	NA	NA	NA	1	NA	NA
iel	NA	100	NA	NA	NA	4	NA	NA
ien	NA	100	NA	NA	NA	2	NA	NA
ier	NA	75	25	NA	NA	3	1	NA
ies	NA	100	NA	NA	NA	2	NA	NA
iet	NA	100	NA	NA	NA	3	NA	NA
ifi	NA	100	NA	NA	NA	1	NA	NA
ige	NA	100	NA	NA	NA	1	NA	NA
igi	NA	58.33333333	41.66666667	NA	NA	7	5	NA
igl	NA	100	NA	NA	NA	1	NA	NA
ign	4.255319149	80.85106383	14.89361702	NA	2	38	7	NA
igo	NA	100	NA	NA	NA	1	NA	NA
igr	NA	NA	100	NA	NA	NA	1	NA
igu	NA	100	NA	NA	NA	1	NA	NA
ike	NA	100	NA	NA	NA	3	NA	NA
iki	NA	100	NA	NA	NA	1	NA	NA
il 	NA	66.66666667	33.33333333	NA	NA	2	1	NA
ila	25	50	25	NA	1	2	1	NA
ild	NA	100	NA	NA	NA	2	NA	NA
ile	NA	100	NA	NA	NA	2	NA	NA
ili	NA	50	50	NA	NA	3	3	NA
ill	7.633587786	65.64885496	25.95419847	0.763358779	10	86	34	1
ilo	NA	100	NA	NA	NA	2	NA	NA
ima	NA	100	NA	NA	NA	2	NA	NA
imb	3.879310345	84.48275862	11.63793103	NA	9	196	27	NA
ime	NA	66.66666667	33.33333333	NA	NA	4	2	NA
imi	4.545454545	68.18181818	18.18181818	9.090909091	1	15	4	2
imm	4.545454545	70.66115702	23.96694215	0.826446281	11	171	58	2
imo	33.33333333	33.33333333	33.33333333	NA	1	1	1	NA
imp	5.910735826	71.89384801	21.71290712	0.482509047	49	596	180	4
imu	NA	100	NA	NA	NA	1	NA	NA
ina	8.75	63.75	26.875	0.625	14	102	43	1
inb	50	50	NA	NA	1	1	NA	NA
inc	5.454545455	74.90909091	19.51515152	0.121212121	45	618	161	1
ind	4.892367906	74.7553816	19.76516634	0.587084149	25	382	101	3
ine	3.539823009	60.17699115	36.28318584	NA	4	68	41	NA
inf	5.733944954	75.2293578	19.03669725	NA	25	328	83	NA
ing	4.230769231	84.61538462	11.15384615	NA	11	220	29	NA
ini	6.451612903	74.19354839	19.35483871	NA	6	69	18	NA
ink	NA	100	NA	NA	NA	1	NA	NA
inn	5.109489051	73.72262774	21.16788321	NA	7	101	29	NA
ino	4.47761194	80.59701493	14.92537313	NA	3	54	10	NA
inq	NA	86.15384615	13.84615385	NA	NA	56	9	NA
ins	5.895196507	72.27074236	21.39737991	0.436681223	27	331	98	2
int	4.465212876	78.29698858	16.40706127	0.830737279	43	754	158	8
inu	9.090909091	72.72727273	18.18181818	NA	2	16	4	NA
inv	4.624277457	74.27745665	21.0982659	NA	16	257	73	NA
inz	NA	77.77777778	22.22222222	NA	NA	7	2	NA
io'	NA	NA	100	NA	NA	NA	1	NA
iod	NA	100	NA	NA	NA	2	NA	NA
iol	NA	100	NA	NA	NA	2	NA	NA
ion	NA	63.63636364	36.36363636	NA	NA	7	4	NA
ior	NA	100	NA	NA	NA	2	NA	NA
ios	NA	100	NA	NA	NA	2	NA	NA
iot	NA	100	NA	NA	NA	1	NA	NA
ipa	NA	100	NA	NA	NA	1	NA	NA
ipe	5.882352941	60.78431373	33.33333333	NA	3	31	17	NA
ipn	NA	73.33333333	26.66666667	NA	NA	11	4	NA
ipo	2.040816327	61.2244898	36.73469388	NA	1	30	18	NA
ipp	NA	33.33333333	66.66666667	NA	NA	6	12	NA
ira	22.72727273	68.18181818	9.090909091	NA	5	15	2	NA
ire	NA	100	NA	NA	NA	2	NA	NA
iri	NA	92.30769231	7.692307692	NA	NA	12	1	NA
irl	NA	100	NA	NA	NA	3	NA	NA
irm	NA	100	NA	NA	NA	1	NA	NA
iro	NA	70.58823529	29.41176471	NA	NA	12	5	NA
irp	NA	100	NA	NA	NA	1	NA	NA
irr	5.076142132	64.46700508	29.94923858	0.507614213	10	127	59	1
irs	NA	100	NA	NA	NA	3	NA	NA
irt	NA	100	NA	NA	NA	3	NA	NA
isa	20	70	10	NA	2	7	1	NA
isc	6.896551724	65.51724138	27.5862069	NA	2	19	8	NA
ise	NA	100	NA	NA	NA	6	NA	NA
isg	50	50	NA	NA	1	1	NA	NA
isi	NA	66.66666667	33.33333333	NA	NA	2	1	NA
isl	NA	66.66666667	33.33333333	NA	NA	8	4	NA
ism	NA	100	NA	NA	NA	1	NA	NA
iso	NA	75	25	NA	NA	33	11	NA
isp	7.843137255	70.58823529	21.56862745	NA	4	36	11	NA
isr	9.090909091	63.63636364	27.27272727	NA	1	7	3	NA
iss	8.333333333	75	16.66666667	NA	1	9	2	NA
ist	6.315789474	80	13.68421053	NA	6	76	13	NA
isv	NA	100	NA	NA	NA	1	NA	NA
ita	12.12121212	63.63636364	24.24242424	NA	4	21	8	NA
ite	NA	75	25	NA	NA	3	1	NA
iti	NA	85.71428571	14.28571429	NA	NA	6	1	NA
ito	50	50	NA	NA	1	1	NA	NA
itr	NA	100	NA	NA	NA	1	NA	NA
itt	NA	22.22222222	77.77777778	NA	NA	2	7	NA
iug	NA	100	NA	NA	NA	3	NA	NA
iuz	NA	100	NA	NA	NA	1	NA	NA
iva	NA	100	NA	NA	NA	6	NA	NA
ive	NA	100	NA	NA	NA	1	NA	NA
ivi	NA	100	NA	NA	NA	1	NA	NA
ivo	NA	100	NA	NA	NA	2	NA	NA
ivr	NA	100	NA	NA	NA	1	NA	NA
izz	NA	100	NA	NA	NA	1	NA	NA
jac	NA	60	40	NA	NA	3	2	NA
jal	NA	NA	100	NA	NA	NA	1	NA
jan	NA	100	NA	NA	NA	2	NA	NA
jap	NA	100	NA	NA	NA	1	NA	NA
jat	NA	100	NA	NA	NA	2	NA	NA
jaz	NA	50	50	NA	NA	2	2	NA
jel	NA	100	NA	NA	NA	2	NA	NA
jer	NA	100	NA	NA	NA	1	NA	NA
jes	NA	50	50	NA	NA	1	1	NA
jim	NA	100	NA	NA	NA	1	NA	NA
jol	NA	100	NA	NA	NA	2	NA	NA
jon	NA	100	NA	NA	NA	1	NA	NA
jov	NA	100	NA	NA	NA	1	NA	NA
jud	NA	100	NA	NA	NA	1	NA	NA
jug	NA	100	NA	NA	NA	5	NA	NA
jul	NA	100	NA	NA	NA	3	NA	NA
jun	NA	100	NA	NA	NA	3	NA	NA
jup	NA	NA	100	NA	NA	NA	1	NA
jur	NA	100	NA	NA	NA	2	NA	NA
jut	NA	100	NA	NA	NA	1	NA	NA
juv	NA	100	NA	NA	NA	5	NA	NA
kaf	NA	100	NA	NA	NA	3	NA	NA
kai	NA	NA	100	NA	NA	NA	1	NA
kak	NA	100	NA	NA	NA	1	NA	NA
kal	NA	NA	100	NA	NA	NA	1	NA
kam	NA	100	NA	NA	NA	1	NA	NA
kan	NA	100	NA	NA	NA	1	NA	NA
kao	NA	100	NA	NA	NA	3	NA	NA
kap	50	50	NA	NA	4	4	NA	NA
kar	33.33333333	50	16.66666667	NA	6	9	3	NA
kas	NA	100	NA	NA	NA	1	NA	NA
kat	NA	100	NA	NA	NA	2	NA	NA
kaw	NA	100	NA	NA	NA	1	NA	NA
ke'	NA	NA	100	NA	NA	NA	1	NA
kef	NA	100	NA	NA	NA	1	NA	NA
kel	NA	100	NA	NA	NA	1	NA	NA
ken	NA	85.71428571	14.28571429	NA	NA	12	2	NA
kep	50	50	NA	NA	1	1	NA	NA
khe	NA	100	NA	NA	NA	1	NA	NA
kib	100	NA	NA	NA	1	NA	NA	NA
kig	NA	100	NA	NA	NA	1	NA	NA
kil	NA	75	25	NA	NA	3	1	NA
kim	NA	100	NA	NA	NA	2	NA	NA
kin	NA	66.66666667	33.33333333	NA	NA	2	1	NA
kip	33.33333333	66.66666667	NA	NA	1	2	NA	NA
kol	NA	NA	100	NA	NA	NA	1	NA
kom	33.33333333	66.66666667	NA	NA	1	2	NA	NA
kur	NA	NA	100	NA	NA	NA	1	NA
kuw	100	NA	NA	NA	1	NA	NA	NA
l'a	3.703703704	81.48148148	14.81481481	NA	1	22	4	NA
l'e	NA	100	NA	NA	NA	4	NA	NA
l'i	NA	90.90909091	9.090909091	NA	NA	10	1	NA
l'o	NA	100	NA	NA	NA	4	NA	NA
l'u	50	50	NA	NA	2	2	NA	NA
la'	50	NA	50	NA	1	NA	1	NA
lab	3.703703704	77.77777778	18.51851852	NA	1	21	5	NA
lac	5.263157895	68.42105263	24.56140351	1.754385965	3	39	14	1
lad	NA	88.23529412	11.76470588	NA	NA	15	2	NA
lae	NA	100	NA	NA	NA	3	NA	NA
laf	NA	66.66666667	33.33333333	NA	NA	2	1	NA
lag	10	80	10	NA	2	16	2	NA
lai	13.33333333	46.66666667	40	NA	2	7	6	NA
lal	25	75	NA	NA	1	3	NA	NA
lam	4.347826087	81.52173913	14.13043478	NA	4	75	13	NA
lan	5.940594059	79.20792079	14.85148515	NA	6	80	15	NA
lao	NA	100	NA	NA	NA	1	NA	NA
lap	4.761904762	85.71428571	9.523809524	NA	1	18	2	NA
lar	3.225806452	93.5483871	3.225806452	NA	1	29	1	NA
las	5.263157895	56.14035088	37.71929825	0.877192982	6	64	43	1
lat	4.225352113	80.28169014	14.08450704	1.408450704	3	57	10	1
lau	6.25	84.375	9.375	NA	2	27	3	NA
lav	8.064516129	75	16.12903226	0.806451613	10	93	20	1
laz	NA	76.92307692	23.07692308	NA	NA	10	3	NA
le'	NA	100	NA	NA	NA	1	NA	NA
lea	11.11111111	88.88888889	NA	NA	1	8	NA	NA
leb	NA	100	NA	NA	NA	5	NA	NA
lec	11.53846154	61.53846154	26.92307692	NA	3	16	7	NA
led	NA	50	50	NA	NA	3	3	NA
lef	NA	100	NA	NA	NA	2	NA	NA
leg	5.027932961	77.09497207	16.75977654	1.117318436	9	138	30	2
lei	NA	100	NA	NA	NA	4	NA	NA
lel	NA	100	NA	NA	NA	6	NA	NA
lem	NA	60	40	NA	NA	3	2	NA
len	NA	97.6744186	2.325581395	NA	NA	42	1	NA
leo	2.857142857	91.42857143	5.714285714	NA	1	32	2	NA
lep	NA	71.42857143	28.57142857	NA	NA	10	4	NA
ler	NA	75	25	NA	NA	3	1	NA
les	NA	75.55555556	22.22222222	2.222222222	NA	34	10	1
let	2.380952381	90.47619048	7.142857143	NA	1	38	3	NA
leu	NA	100	NA	NA	NA	4	NA	NA
lev	4.761904762	69.84126984	25.3968254	NA	3	44	16	NA
lez	NA	100	NA	NA	NA	5	NA	NA
lia	NA	100	NA	NA	NA	4	NA	NA
lib	5.925925926	68.14814815	24.44444444	1.481481481	8	92	33	2
lic	2.325581395	88.37209302	9.302325581	NA	1	38	4	NA
lid	NA	100	NA	NA	NA	3	NA	NA
lie	5.555555556	77.77777778	11.11111111	5.555555556	1	14	2	1
lig	NA	73.68421053	26.31578947	NA	NA	14	5	NA
lil	13.33333333	80	6.666666667	NA	2	12	1	NA
lim	6.756756757	59.45945946	31.08108108	2.702702703	5	44	23	2
lin	5.263157895	77.19298246	17.54385965	NA	3	44	10	NA
lio	NA	100	NA	NA	NA	7	NA	NA
lip	NA	80.95238095	19.04761905	NA	NA	17	4	NA
liq	6.25	68.75	21.875	3.125	2	22	7	1
lir	NA	55.55555556	44.44444444	NA	NA	5	4	NA
lis	2.941176471	94.11764706	2.941176471	NA	1	32	1	NA
lit	1.724137931	81.03448276	15.51724138	1.724137931	1	47	9	1
liu	NA	100	NA	NA	NA	2	NA	NA
liv	NA	78.26086957	21.73913043	NA	NA	18	5	NA
liz	NA	80	20	NA	NA	4	1	NA
llo	NA	100	NA	NA	NA	1	NA	NA
lob	NA	100	NA	NA	NA	9	NA	NA
loc	2.083333333	89.58333333	8.333333333	NA	1	43	4	NA
lod	5.263157895	68.42105263	26.31578947	NA	1	13	5	NA
log	NA	61.11111111	36.11111111	2.777777778	NA	22	13	1
loi	NA	66.66666667	33.33333333	NA	NA	2	1	NA
lol	NA	80	20	NA	NA	4	1	NA
lom	NA	95	5	NA	NA	19	1	NA
lon	2.173913043	84.7826087	13.04347826	NA	1	39	6	NA
lop	NA	50	50	NA	NA	2	2	NA
loq	33.33333333	66.66666667	NA	NA	1	2	NA	NA
lor	6.451612903	87.09677419	6.451612903	NA	2	27	2	NA
los	NA	100	NA	NA	NA	9	NA	NA
lot	10.25641026	74.35897436	15.38461538	NA	4	29	6	NA
lou	NA	100	NA	NA	NA	1	NA	NA
lov	NA	100	NA	NA	NA	4	NA	NA
loy	NA	100	NA	NA	NA	1	NA	NA
loz	NA	100	NA	NA	NA	3	NA	NA
lta	NA	100	NA	NA	NA	1	NA	NA
lu'	NA	NA	100	NA	NA	NA	1	NA
lua	NA	100	NA	NA	NA	1	NA	NA
lub	9.090909091	90.90909091	NA	NA	1	10	NA	NA
luc	4.081632653	80.6122449	14.28571429	1.020408163	4	79	14	1
lud	NA	55.55555556	44.44444444	NA	NA	5	4	NA
luf	NA	100	NA	NA	NA	1	NA	NA
lug	NA	80	20	NA	NA	8	2	NA
lui	NA	90	10	NA	NA	9	1	NA
lul	20	80	NA	NA	1	4	NA	NA
lum	4.761904762	90.47619048	4.761904762	NA	1	19	1	NA
lun	2.222222222	84.44444444	13.33333333	NA	1	38	6	NA
luo	NA	100	NA	NA	NA	5	NA	NA
lup	NA	87.5	12.5	NA	NA	14	2	NA
lur	NA	50	50	NA	NA	2	2	NA
lus	2.173913043	91.30434783	6.52173913	NA	1	42	3	NA
lut	NA	100	NA	NA	NA	9	NA	NA
lux	NA	75	25	NA	NA	3	1	NA
luz	NA	100	NA	NA	NA	5	NA	NA
lyc	NA	100	NA	NA	NA	1	NA	NA
lyd	NA	100	NA	NA	NA	1	NA	NA
ma'	NA	NA	100	NA	NA	NA	1	NA
mab	33.33333333	33.33333333	33.33333333	NA	1	1	1	NA
mac	2.380952381	76.19047619	20.63492063	0.793650794	3	96	26	1
mad	15	80	5	NA	6	32	2	NA
mae	10.52631579	89.47368421	NA	NA	2	17	NA	NA
maf	NA	100	NA	NA	NA	12	NA	NA
mag	5.405405405	81.08108108	13.51351351	NA	8	120	20	NA
mah	NA	100	NA	NA	NA	1	NA	NA
mai	NA	75.6097561	24.3902439	NA	NA	31	10	NA
maj	NA	100	NA	NA	NA	5	NA	NA
mak	100	NA	NA	NA	1	NA	NA	NA
mal	4.545454545	86.36363636	9.090909091	NA	13	247	26	NA
mam	9.375	62.5	28.125	NA	3	20	9	NA
man	6.012024048	74.9498998	18.83767535	0.200400802	30	374	94	1
mao	NA	100	NA	NA	NA	6	NA	NA
map	NA	100	NA	NA	NA	10	NA	NA
mar	5.70719603	88.33746898	5.955334988	NA	23	356	24	NA
mas	3.571428571	84.69387755	10.71428571	1.020408163	7	166	21	2
mat	5.555555556	85.41666667	9.027777778	NA	8	123	13	NA
mau	10	90	NA	NA	1	9	NA	NA
max	4.166666667	79.16666667	16.66666667	NA	1	19	4	NA
may	NA	100	NA	NA	NA	1	NA	NA
maz	4.255319149	93.61702128	2.127659574	NA	2	44	1	NA
mcd	NA	100	NA	NA	NA	1	NA	NA
me'	NA	80	20	NA	NA	4	1	NA
mea	NA	100	NA	NA	NA	3	NA	NA
mec	4.347826087	73.91304348	21.73913043	NA	1	17	5	NA
med	4.838709677	75.80645161	19.35483871	NA	6	94	24	NA
mef	NA	NA	100	NA	NA	NA	3	NA
meg	5.555555556	72.22222222	22.22222222	NA	2	26	8	NA
mei	NA	100	NA	NA	NA	2	NA	NA
mel	1.315789474	72.36842105	26.31578947	NA	1	55	20	NA
mem	NA	77.77777778	22.22222222	NA	NA	21	6	NA
men	12.28070175	75.43859649	12.28070175	NA	14	86	14	NA
meo	NA	100	NA	NA	NA	1	NA	NA
mer	4.255319149	82.26950355	12.76595745	0.709219858	6	116	18	1
mes	3.96039604	70.2970297	24.75247525	0.99009901	4	71	25	1
met	2.688172043	41.93548387	53.76344086	1.612903226	5	78	100	3
meu	NA	100	NA	NA	NA	2	NA	NA
mez	2.857142857	94.28571429	2.857142857	NA	1	33	1	NA
mia	12.5	87.5	NA	NA	1	7	NA	NA
mic	8.130081301	67.4796748	24.3902439	NA	10	83	30	NA
mid	25	75	NA	NA	2	6	NA	NA
mie	NA	92.85714286	7.142857143	NA	NA	13	1	NA
mig	5.970149254	82.08955224	11.94029851	NA	4	55	8	NA
mii	NA	100	NA	NA	NA	2	NA	NA
mik	NA	50	50	NA	NA	1	1	NA
mil	4.347826087	81.73913043	13.04347826	0.869565217	5	94	15	1
mim	10.71428571	60.71428571	28.57142857	NA	3	17	8	NA
min	5.529953917	82.02764977	12.44239631	NA	12	178	27	NA
mio	NA	83.33333333	16.66666667	NA	NA	10	2	NA
mir	3.75	73.75	22.5	NA	3	59	18	NA
mis	3.007518797	72.18045113	24.81203008	NA	4	96	33	NA
mit	NA	77.19298246	21.05263158	1.754385965	NA	44	12	1
miu	NA	100	NA	NA	NA	2	NA	NA
mix	NA	100	NA	NA	NA	6	NA	NA
mne	NA	NA	100	NA	NA	NA	2	NA
moa	NA	100	NA	NA	NA	2	NA	NA
mob	10	70	13.33333333	6.666666667	3	21	4	2
moc	NA	85.71428571	14.28571429	NA	NA	6	1	NA
mod	3.50877193	75.43859649	20.1754386	0.877192982	4	86	23	1
moe	NA	100	NA	NA	NA	1	NA	NA
mof	NA	100	NA	NA	NA	2	NA	NA
mog	NA	90	10	NA	NA	9	1	NA
moi	NA	50	50	NA	NA	1	1	NA
mok	50	50	NA	NA	1	1	NA	NA
mol	6.542056075	76.63551402	15.88785047	0.934579439	7	82	17	1
mom	NA	73.33333333	26.66666667	NA	NA	11	4	NA
mon	2.673796791	77.80748663	19.51871658	NA	10	291	73	NA
mor	7.264957265	78.20512821	13.67521368	0.854700855	17	183	32	2
mos	7.766990291	75.72815534	16.50485437	NA	8	78	17	NA
mot	6.896551724	80.45977011	12.64367816	NA	6	70	11	NA
mou	NA	100	NA	NA	NA	1	NA	NA
mov	5.263157895	94.73684211	NA	NA	1	18	NA	NA
moz	4.347826087	91.30434783	4.347826087	NA	1	21	1	NA
muc	NA	69.23076923	30.76923077	NA	NA	9	4	NA
mue	NA	100	NA	NA	NA	1	NA	NA
muf	NA	100	NA	NA	NA	3	NA	NA
mug	12	72	16	NA	3	18	4	NA
mul	5.633802817	78.87323944	15.49295775	NA	4	56	11	NA
mum	NA	100	NA	NA	NA	2	NA	NA
mun	5.882352941	82.35294118	11.76470588	NA	2	28	4	NA
muo	5.128205128	51.28205128	43.58974359	NA	2	20	17	NA
mur	4.87804878	85.36585366	9.756097561	NA	2	35	4	NA
mus	7.058823529	78.82352941	14.11764706	NA	6	67	12	NA
mut	11.11111111	74.07407407	14.81481481	NA	6	40	8	NA
muz	NA	100	NA	NA	NA	2	NA	NA
nab	20	60	20	NA	1	3	1	NA
nac	33.33333333	33.33333333	33.33333333	NA	1	1	1	NA
nad	25	75	NA	NA	1	3	NA	NA
naf	NA	100	NA	NA	NA	2	NA	NA
nai	NA	50	50	NA	NA	1	1	NA
nal	NA	100	NA	NA	NA	3	NA	NA
nam	NA	100	NA	NA	NA	3	NA	NA
nan	NA	85	15	NA	NA	17	3	NA
nao	NA	100	NA	NA	NA	1	NA	NA
nap	NA	76.47058824	23.52941176	NA	NA	13	4	NA
nar	5.882352941	80.39215686	13.7254902	NA	3	41	7	NA
nas	3.529411765	58.82352941	36.47058824	1.176470588	3	50	31	1
nat	8.620689655	75.86206897	15.51724138	NA	5	44	9	NA
nau	7.692307692	50	42.30769231	NA	2	13	11	NA
nav	8.108108108	78.37837838	10.81081081	2.702702703	3	29	4	1
naz	10.81081081	78.37837838	10.81081081	NA	4	29	4	NA
nea	NA	83.33333333	16.66666667	NA	NA	5	1	NA
neb	NA	100	NA	NA	NA	13	NA	NA
nec	12	52	32	4	3	13	8	1
ned	NA	100	NA	NA	NA	1	NA	NA
nef	NA	70	30	NA	NA	7	3	NA
neg	7.792207792	81.81818182	10.38961039	NA	6	63	8	NA
nel	NA	100	NA	NA	NA	3	NA	NA
nem	8.333333333	83.33333333	8.333333333	NA	1	10	1	NA
nen	12.5	87.5	NA	NA	1	7	NA	NA
neo	NA	82.14285714	17.85714286	NA	NA	69	15	NA
nep	16.66666667	83.33333333	NA	NA	1	5	NA	NA
neq	NA	100	NA	NA	NA	1	NA	NA
ner	NA	97.36842105	2.631578947	NA	NA	37	1	NA
nes	25	50	25	NA	3	6	3	NA
net	NA	80	20	NA	NA	12	3	NA
neu	1.612903226	67.74193548	30.64516129	NA	1	42	19	NA
nev	3.333333333	63.33333333	33.33333333	NA	1	19	10	NA
new	14.28571429	71.42857143	14.28571429	NA	1	5	1	NA
nia	NA	100	NA	NA	NA	1	NA	NA
nib	NA	100	NA	NA	NA	1	NA	NA
nic	13.63636364	77.27272727	9.090909091	NA	6	34	4	NA
nid	NA	61.53846154	30.76923077	7.692307692	NA	8	4	1
nie	NA	100	NA	NA	NA	7	NA	NA
nig	10	90	NA	NA	1	9	NA	NA
nik	NA	100	NA	NA	NA	2	NA	NA
nil	NA	100	NA	NA	NA	4	NA	NA
nim	33.33333333	66.66666667	NA	NA	1	2	NA	NA
nin	4.761904762	85.71428571	9.523809524	NA	1	18	2	NA
nip	NA	55.55555556	44.44444444	NA	NA	5	4	NA
nir	NA	100	NA	NA	NA	2	NA	NA
nis	11.11111111	77.77777778	11.11111111	NA	1	7	1	NA
nit	NA	64.28571429	35.71428571	NA	NA	9	5	NA
niu	NA	100	NA	NA	NA	1	NA	NA
niv	NA	50	50	NA	NA	2	2	NA
nix	NA	100	NA	NA	NA	1	NA	NA
niz	NA	100	NA	NA	NA	2	NA	NA
nob	11.11111111	77.77777778	11.11111111	NA	2	14	2	NA
noc	5	80	15	NA	1	16	3	NA
nod	NA	60	40	NA	NA	3	2	NA
noe	33.33333333	33.33333333	33.33333333	NA	1	1	1	NA
nof	NA	100	NA	NA	NA	1	NA	NA
nog	NA	100	NA	NA	NA	3	NA	NA
noi	NA	100	NA	NA	NA	11	NA	NA
nol	NA	100	NA	NA	NA	17	NA	NA
nom	6.666666667	66.66666667	26.66666667	NA	3	30	12	NA
non	5.882352941	88.23529412	5.882352941	NA	1	15	1	NA
nor	2.857142857	85.71428571	11.42857143	NA	2	60	8	NA
nos	NA	85.71428571	14.28571429	NA	NA	24	4	NA
not	3.947368421	76.31578947	19.73684211	NA	3	58	15	NA
nov	7.407407407	83.33333333	9.259259259	NA	4	45	5	NA
noz	NA	50	50	NA	NA	3	3	NA
nub	NA	60	40	NA	NA	3	2	NA
nuc	NA	56.25	43.75	NA	NA	9	7	NA
nud	20	80	NA	NA	1	4	NA	NA
nug	NA	NA	100	NA	NA	NA	2	NA
nul	10	90	NA	NA	1	9	NA	NA
num	NA	65.2173913	34.7826087	NA	NA	15	8	NA
nun	NA	100	NA	NA	NA	6	NA	NA
nuo	5.128205128	76.92307692	17.94871795	NA	2	30	7	NA
nur	NA	NA	100	NA	NA	NA	1	NA
nus	NA	100	NA	NA	NA	1	NA	NA
nut	4.651162791	83.72093023	11.62790698	NA	2	36	5	NA
nuv	NA	66.66666667	33.33333333	NA	NA	6	3	NA
nuz	NA	100	NA	NA	NA	3	NA	NA
nyl	NA	100	NA	NA	NA	1	NA	NA
o'h	NA	NA	100	NA	NA	NA	1	NA
oas	NA	NA	100	NA	NA	NA	1	NA
obb	6.666666667	78.33333333	13.33333333	1.666666667	4	47	8	1
obc	NA	NA	100	NA	NA	NA	1	NA
obe	15.38461538	69.23076923	15.38461538	NA	2	9	2	NA
obi	12.5	79.16666667	8.333333333	NA	3	19	2	NA
obl	15.38461538	84.61538462	NA	NA	2	11	NA	NA
obn	NA	100	NA	NA	NA	1	NA	NA
obo	NA	NA	100	NA	NA	NA	2	NA
obr	100	NA	NA	NA	1	NA	NA	NA
obs	NA	100	NA	NA	NA	5	NA	NA
oca	NA	100	NA	NA	NA	2	NA	NA
occ	4.310344828	79.31034483	14.65517241	1.724137931	5	92	17	2
oce	NA	25	75	NA	NA	2	6	NA
och	NA	100	NA	NA	NA	2	NA	NA
ocl	NA	100	NA	NA	NA	1	NA	NA
ocr	NA	100	NA	NA	NA	1	NA	NA
ocu	NA	90.90909091	9.090909091	NA	NA	10	1	NA
oda	NA	100	NA	NA	NA	3	NA	NA
odd	NA	100	NA	NA	NA	4	NA	NA
ode	NA	83.33333333	16.66666667	NA	NA	5	1	NA
odi	5.882352941	85.29411765	8.823529412	NA	2	29	3	NA
odo	3.846153846	73.07692308	23.07692308	NA	1	19	6	NA
ofa	NA	NA	100	NA	NA	NA	1	NA
ofe	NA	100	NA	NA	NA	1	NA	NA
off	5.263157895	65.26315789	29.47368421	NA	5	62	28	NA
oft	NA	NA	100	NA	NA	NA	2	NA
ogg	12.5	81.25	6.25	NA	2	13	1	NA
ogi	NA	100	NA	NA	NA	3	NA	NA
ogl	NA	100	NA	NA	NA	1	NA	NA
ogn	16.66666667	83.33333333	NA	NA	1	5	NA	NA
ohi	100	NA	NA	NA	1	NA	NA	NA
oka	NA	100	NA	NA	NA	1	NA	NA
okt	100	NA	NA	NA	1	NA	NA	NA
ola	16.66666667	83.33333333	NA	NA	1	5	NA	NA
olb	NA	100	NA	NA	NA	1	NA	NA
olc	NA	100	NA	NA	NA	1	NA	NA
ole	NA	88.23529412	11.76470588	NA	NA	15	2	NA
olf	NA	100	NA	NA	NA	5	NA	NA
olg	NA	100	NA	NA	NA	4	NA	NA
oli	2.040816327	71.42857143	26.53061224	NA	1	35	13	NA
oll	NA	100	NA	NA	NA	1	NA	NA
olm	NA	100	NA	NA	NA	4	NA	NA
olo	NA	100	NA	NA	NA	6	NA	NA
olt	8.108108108	81.08108108	10.81081081	NA	3	30	4	NA
oly	NA	100	NA	NA	NA	1	NA	NA
oma	NA	100	NA	NA	NA	9	NA	NA
omb	NA	95.65217391	4.347826087	NA	NA	22	1	NA
ome	4.545454545	54.54545455	40.90909091	NA	1	12	9	NA
omi	NA	71.42857143	28.57142857	NA	NA	10	4	NA
omn	NA	25	75	NA	NA	1	3	NA
omo	9.677419355	61.29032258	29.03225806	NA	3	19	9	NA
omu	NA	50	50	NA	NA	1	1	NA
ona	NA	83.33333333	16.66666667	NA	NA	5	1	NA
onc	NA	50	50	NA	NA	4	4	NA
ond	NA	83.87096774	16.12903226	NA	NA	26	5	NA
one	17.64705882	70.58823529	11.76470588	NA	3	12	2	NA
ong	NA	NA	100	NA	NA	NA	1	NA
oni	NA	33.33333333	66.66666667	NA	NA	2	4	NA
onn	NA	70	30	NA	NA	7	3	NA
ono	9.090909091	63.63636364	27.27272727	NA	3	21	9	NA
ont	NA	60	40	NA	NA	3	2	NA
onu	NA	100	NA	NA	NA	1	NA	NA
opa	9.090909091	90.90909091	NA	NA	1	10	NA	NA
ope	7.01754386	71.92982456	17.54385965	3.50877193	4	41	10	2
opi	NA	77.77777778	22.22222222	NA	NA	7	2	NA
opl	50	50	NA	NA	1	1	NA	NA
opo	NA	100	NA	NA	NA	1	NA	NA
opp	3.278688525	80.32786885	16.39344262	NA	2	49	10	NA
opt	12.5	50	37.5	NA	2	8	6	NA
opu	NA	62.5	37.5	NA	NA	5	3	NA
opz	NA	100	NA	NA	NA	5	NA	NA
ora	NA	86.20689655	13.79310345	NA	NA	25	4	NA
orb	NA	75	16.66666667	8.333333333	NA	9	2	1
orc	NA	100	NA	NA	NA	19	NA	NA
ord	7.142857143	73.80952381	16.66666667	2.380952381	3	31	7	1
ore	6.896551724	68.96551724	24.13793103	NA	2	20	7	NA
orf	NA	61.53846154	38.46153846	NA	NA	8	5	NA
org	4.6875	71.875	23.4375	NA	3	46	15	NA
ori	3.896103896	84.41558442	10.38961039	1.298701299	3	65	8	1
orl	NA	100	NA	NA	NA	10	NA	NA
orm	NA	100	NA	NA	NA	14	NA	NA
orn	5	75	20	NA	1	15	4	NA
oro	NA	68.75	31.25	NA	NA	11	5	NA
orp	NA	100	NA	NA	NA	3	NA	NA
orr	5.263157895	57.89473684	36.84210526	NA	1	11	7	NA
ors	5.882352941	82.35294118	11.76470588	NA	1	14	2	NA
ort	NA	82.35294118	17.64705882	NA	NA	28	6	NA
orv	NA	100	NA	NA	NA	1	NA	NA
orz	NA	100	NA	NA	NA	3	NA	NA
osa	10.34482759	75.86206897	13.79310345	NA	3	22	4	NA
osb	NA	100	NA	NA	NA	1	NA	NA
osc	6.666666667	82.22222222	11.11111111	NA	3	37	5	NA
ose	50	50	NA	NA	1	1	NA	NA
osi	NA	50	50	NA	NA	1	1	NA
osk	NA	100	NA	NA	NA	1	NA	NA
osl	NA	100	NA	NA	NA	2	NA	NA
osm	NA	100	NA	NA	NA	4	NA	NA
osp	7.894736842	68.42105263	21.05263158	2.631578947	3	26	8	1
oss	3.03030303	72.72727273	23.23232323	1.01010101	3	72	23	1
ost	4.901960784	73.52941176	19.60784314	1.960784314	5	75	20	2
osv	NA	100	NA	NA	NA	1	NA	NA
ota	NA	100	NA	NA	NA	2	NA	NA
ote	NA	100	NA	NA	NA	2	NA	NA
oti	NA	100	NA	NA	NA	3	NA	NA
oto	NA	71.42857143	28.57142857	NA	NA	5	2	NA
otr	NA	50	50	NA	NA	1	1	NA
ott	3.676470588	77.94117647	18.38235294	NA	5	106	25	NA
ova	7.142857143	85.71428571	7.142857143	NA	1	12	1	NA
ove	NA	100	NA	NA	NA	7	NA	NA
ovi	NA	100	NA	NA	NA	6	NA	NA
ovo	NA	100	NA	NA	NA	4	NA	NA
ovu	NA	80	20	NA	NA	4	1	NA
ovv	11.11111111	77.77777778	11.11111111	NA	1	7	1	NA
oxf	NA	100	NA	NA	NA	2	NA	NA
oxi	NA	100	NA	NA	NA	2	NA	NA
ozi	NA	100	NA	NA	NA	8	NA	NA
ozo	NA	100	NA	NA	NA	1	NA	NA
pa'	NA	NA	100	NA	NA	NA	1	NA
pab	NA	100	NA	NA	NA	1	NA	NA
pac	NA	88.46153846	11.53846154	NA	NA	46	6	NA
pad	7.142857143	83.33333333	9.523809524	NA	3	35	4	NA
pae	NA	71.42857143	28.57142857	NA	NA	15	6	NA
paf	NA	100	NA	NA	NA	3	NA	NA
pag	6.930693069	79.20792079	13.86138614	NA	7	80	14	NA
pai	NA	100	NA	NA	NA	3	NA	NA
pak	NA	75	25	NA	NA	3	1	NA
pal	3.083700441	80.61674009	15.85903084	0.440528634	7	183	36	1
pam	14.28571429	71.42857143	14.28571429	NA	1	5	1	NA
pan	3.086419753	84.56790123	12.34567901	NA	5	137	20	NA
pao	5.555555556	77.77777778	16.66666667	NA	1	14	3	NA
pap	10.29411765	75	14.70588235	NA	7	51	10	NA
par	6.181818182	73.81818182	19.63636364	0.363636364	34	406	108	2
pas	5.150214592	79.39914163	15.02145923	0.429184549	12	185	35	1
pat	3.488372093	78.48837209	18.02325581	NA	6	135	31	NA
pau	NA	93.75	6.25	NA	NA	15	1	NA
pav	4.87804878	82.92682927	12.19512195	NA	2	34	5	NA
pax	NA	100	NA	NA	NA	2	NA	NA
paz	NA	100	NA	NA	NA	23	NA	NA
pe'	NA	66.66666667	33.33333333	NA	NA	2	1	NA
pea	NA	100	NA	NA	NA	1	NA	NA
pec	4.545454545	81.81818182	13.63636364	NA	2	36	6	NA
ped	6.818181818	79.54545455	13.63636364	NA	6	70	12	NA
peg	13.04347826	69.56521739	17.39130435	NA	3	16	4	NA
pei	NA	100	NA	NA	NA	1	NA	NA
pel	1.282051282	84.61538462	14.1025641	NA	1	66	11	NA
pen	4.597701149	73.94636015	20.30651341	1.149425287	12	193	53	3
peo	NA	100	NA	NA	NA	1	NA	NA
pep	6.896551724	75.86206897	17.24137931	NA	2	22	5	NA
per	5.555555556	73.36601307	20.58823529	0.490196078	34	449	126	3
pes	3.968253968	77.77777778	18.25396825	NA	5	98	23	NA
pet	1.176470588	76.47058824	22.35294118	NA	1	65	19	NA
pev	NA	100	NA	NA	NA	1	NA	NA
pez	NA	100	NA	NA	NA	19	NA	NA
pho	NA	NA	100	NA	NA	NA	1	NA
pia	3.703703704	82.40740741	13.88888889	NA	8	178	30	NA
pic	3.225806452	77.41935484	19.35483871	NA	3	72	18	NA
pid	NA	100	NA	NA	NA	9	NA	NA
pie	3.225806452	85.48387097	11.29032258	NA	4	106	14	NA
pif	NA	75	25	NA	NA	3	1	NA
pig	2	88	10	NA	1	44	5	NA
pil	7.894736842	73.68421053	18.42105263	NA	3	28	7	NA
pim	NA	100	NA	NA	NA	1	NA	NA
pin	8.333333333	83.33333333	8.333333333	NA	5	50	5	NA
pio	6.451612903	77.41935484	16.12903226	NA	4	48	10	NA
pip	23.07692308	76.92307692	NA	NA	3	10	NA	NA
pir	5.172413793	63.79310345	31.03448276	NA	3	37	18	NA
pis	NA	91.80327869	8.196721311	NA	NA	56	5	NA
pit	6.25	68.75	25	NA	2	22	8	NA
piu	NA	100	NA	NA	NA	10	NA	NA
piv	NA	75	25	NA	NA	3	1	NA
piz	3.571428571	78.57142857	17.85714286	NA	1	22	5	NA
pla	5.940594059	70.2970297	23.76237624	NA	6	71	24	NA
ple	4.545454545	72.72727273	22.72727273	NA	1	16	5	NA
pli	NA	100	NA	NA	NA	5	NA	NA
plo	NA	100	NA	NA	NA	2	NA	NA
plu	2.127659574	78.72340426	19.14893617	NA	1	37	9	NA
pne	NA	16.66666667	83.33333333	NA	NA	1	5	NA
poa	NA	100	NA	NA	NA	1	NA	NA
poc	NA	80	20	NA	NA	12	3	NA
pod	11.76470588	70.58823529	17.64705882	NA	2	12	3	NA
poe	NA	69.23076923	30.76923077	NA	NA	9	4	NA
pog	4.545454545	90.90909091	4.545454545	NA	1	20	1	NA
poi	33.33333333	66.66666667	NA	NA	1	2	NA	NA
pok	NA	50	50	NA	NA	1	1	NA
pol	3.083700441	71.8061674	25.11013216	NA	7	163	57	NA
pom	4.166666667	87.5	8.333333333	NA	2	42	4	NA
pon	2.127659574	91.4893617	6.382978723	NA	1	43	3	NA
pop	3.703703704	87.03703704	9.259259259	NA	2	47	5	NA
por	3.448275862	72.4137931	24.13793103	NA	10	210	70	NA
pos	3.825136612	80.87431694	15.30054645	NA	7	148	28	NA
pot	8.080808081	75.75757576	16.16161616	NA	8	75	16	NA
pov	5.555555556	72.22222222	22.22222222	NA	1	13	4	NA
poz	NA	76.92307692	23.07692308	NA	NA	10	3	NA
pra	7.407407407	69.13580247	20.98765432	2.469135802	6	56	17	2
pre	3.95869191	77.45266781	17.55593804	1.032702238	46	900	204	12
pri	4.294478528	81.59509202	14.11042945	NA	7	133	23	NA
pro	5.147679325	72.91139241	21.51898734	0.421940928	61	864	255	5
pru	NA	95.65217391	4.347826087	NA	NA	22	1	NA
pse	NA	77.77777778	22.22222222	NA	NA	7	2	NA
psi	1.098901099	45.05494505	53.84615385	NA	1	41	49	NA
pso	NA	NA	100	NA	NA	NA	1	NA
pub	7.843137255	70.58823529	21.56862745	NA	4	36	11	NA
puc	NA	100	NA	NA	NA	5	NA	NA
pud	NA	100	NA	NA	NA	6	NA	NA
pue	NA	71.42857143	28.57142857	NA	NA	5	2	NA
puf	NA	100	NA	NA	NA	3	NA	NA
pug	NA	85.71428571	14.28571429	NA	NA	18	3	NA
pul	1.666666667	81.66666667	15	1.666666667	1	49	9	1
pum	NA	100	NA	NA	NA	1	NA	NA
pun	7.086614173	77.16535433	14.96062992	0.787401575	9	98	19	1
pup	NA	92.85714286	7.142857143	NA	NA	13	1	NA
pur	4.444444444	82.22222222	11.11111111	2.222222222	2	37	5	1
pus	NA	66.66666667	33.33333333	NA	NA	2	1	NA
put	NA	75	25	NA	NA	15	5	NA
puv	100	NA	NA	NA	1	NA	NA	NA
puz	NA	69.23076923	30.76923077	NA	NA	9	4	NA
qua	5.405405405	75.22522523	18.91891892	0.45045045	12	167	42	1
que	NA	97.2972973	2.702702703	NA	NA	36	1	NA
qui	NA	89.13043478	10.86956522	NA	NA	41	5	NA
quo	5.555555556	94.44444444	NA	NA	1	17	NA	NA
rab	11.9047619	80.95238095	7.142857143	NA	5	34	3	NA
rac	6.41025641	66.02564103	27.56410256	NA	10	103	43	NA
rad	7.194244604	76.97841727	15.82733813	NA	10	107	22	NA
raf	3.571428571	83.33333333	13.0952381	NA	3	70	11	NA
rag	6.338028169	72.53521127	21.12676056	NA	9	103	30	NA
rai	12.5	87.5	NA	NA	1	7	NA	NA
ral	9.375	78.125	12.5	NA	3	25	4	NA
ram	2.409638554	91.56626506	6.024096386	NA	2	76	5	NA
ran	2.083333333	79.16666667	18.75	NA	1	38	9	NA
rap	4.918032787	81.14754098	13.93442623	NA	6	99	17	NA
rar	7.692307692	92.30769231	NA	NA	1	12	NA	NA
ras	6.25	85.71428571	8.035714286	NA	7	96	9	NA
rat	7.692307692	76.92307692	15.38461538	NA	3	30	6	NA
rau	14.28571429	85.71428571	NA	NA	1	6	NA	NA
rav	6.666666667	84.44444444	8.888888889	NA	3	38	4	NA
raz	2.127659574	85.10638298	10.63829787	2.127659574	1	40	5	1
re'	100	NA	NA	NA	2	NA	NA	NA
rea	10.34482759	72.4137931	17.24137931	NA	9	63	15	NA
reb	9.090909091	81.81818182	9.090909091	NA	1	9	1	NA
rec	5.527638191	70.35175879	21.6080402	2.512562814	11	140	43	5
red	7.142857143	60.71428571	32.14285714	NA	4	34	18	NA
ree	NA	100	NA	NA	NA	1	NA	NA
ref	3.225806452	90.32258065	6.451612903	NA	1	28	2	NA
reg	6.698564593	77.99043062	14.35406699	0.956937799	14	163	30	2
rei	1.470588235	80.88235294	16.17647059	1.470588235	1	55	11	1
rel	8.108108108	86.48648649	5.405405405	NA	3	32	2	NA
rem	5.405405405	86.48648649	8.108108108	NA	2	32	3	NA
ren	4.819277108	60.24096386	31.3253012	3.614457831	4	50	26	3
reo	NA	100	NA	NA	NA	3	NA	NA
rep	4.761904762	73.80952381	19.04761905	2.380952381	4	62	16	2
req	7.692307692	92.30769231	NA	NA	1	12	NA	NA
res	6.477732794	71.65991903	21.45748988	0.4048583	16	177	53	1
ret	0.961538462	76.92307692	22.11538462	NA	1	80	23	NA
reu	NA	42.85714286	57.14285714	NA	NA	3	4	NA
rev	12.12121212	75.75757576	12.12121212	NA	4	25	4	NA
rez	NA	NA	100	NA	NA	NA	1	NA
ria	6.08365019	75.66539924	17.4904943	0.760456274	16	199	46	2
rib	2.97029703	84.15841584	12.87128713	NA	3	85	13	NA
ric	5.182072829	72.12885154	21.8487395	0.840336134	37	515	156	6
rid	3.783783784	72.43243243	22.7027027	1.081081081	7	134	42	2
rie	6.493506494	68.83116883	23.37662338	1.298701299	10	106	36	2
rif	6.504065041	72.76422764	20.73170732	NA	16	179	51	NA
rig	7.547169811	76.41509434	15.09433962	0.943396226	8	81	16	1
rii	NA	100	NA	NA	NA	1	NA	NA
ril	3.03030303	77.77777778	19.19191919	NA	3	77	19	NA
rim	5.105105105	72.37237237	22.22222222	0.3003003	17	241	74	1
rin	5.135951662	78.24773414	16.6163142	NA	17	259	55	NA
rio	5.555555556	86.11111111	8.333333333	NA	2	31	3	NA
rip	6.90376569	73.22175732	18.82845188	1.046025105	33	350	90	5
riq	NA	100	NA	NA	NA	7	NA	NA
ris	5.799373041	76.01880878	18.02507837	0.156739812	37	485	115	1
rit	6.52173913	74.63768116	18.84057971	NA	18	206	52	NA
riu	7.317073171	68.29268293	24.3902439	NA	6	56	20	NA
riv	5.387205387	70.70707071	23.56902357	0.336700337	16	210	70	1
riz	6.666666667	73.33333333	20	NA	1	11	3	NA
roa	NA	100	NA	NA	NA	1	NA	NA
rob	4.166666667	95.83333333	NA	NA	1	23	NA	NA
roc	2.857142857	94.28571429	2.857142857	NA	1	33	1	NA
rod	10	80	10	NA	3	24	3	NA
rog	6.666666667	86.66666667	6.666666667	NA	1	13	1	NA
roi	100	NA	NA	NA	1	NA	NA	NA
rok	NA	100	NA	NA	NA	1	NA	NA
rol	NA	100	NA	NA	NA	9	NA	NA
rom	2.586206897	73.27586207	24.13793103	NA	3	85	28	NA
ron	7.142857143	78.57142857	14.28571429	NA	3	33	6	NA
ror	NA	NA	100	NA	NA	NA	2	NA
ros	6.422018349	85.32110092	8.256880734	NA	7	93	9	NA
rot	5.660377358	73.58490566	18.86792453	1.886792453	3	39	10	1
rov	2.777777778	80.55555556	16.66666667	NA	2	58	12	NA
roy	NA	100	NA	NA	NA	1	NA	NA
roz	NA	100	NA	NA	NA	7	NA	NA
ru'	NA	NA	100	NA	NA	NA	1	NA
rua	NA	100	NA	NA	NA	3	NA	NA
rub	3.773584906	88.67924528	7.547169811	NA	2	47	4	NA
ruc	NA	50	50	NA	NA	1	1	NA
rud	NA	81.81818182	18.18181818	NA	NA	9	2	NA
ruf	NA	87.5	12.5	NA	NA	7	1	NA
rug	3.703703704	85.18518519	11.11111111	NA	1	23	3	NA
rui	NA	NA	100	NA	NA	NA	1	NA
rul	NA	80	20	NA	NA	4	1	NA
rum	4.545454545	86.36363636	4.545454545	4.545454545	1	19	1	1
ruo	12.5	62.5	25	NA	2	10	4	NA
rup	NA	87.5	12.5	NA	NA	7	1	NA
rur	NA	100	NA	NA	NA	2	NA	NA
rus	5.714285714	71.42857143	22.85714286	NA	2	25	8	NA
rut	11.11111111	77.77777778	11.11111111	NA	1	7	1	NA
ruv	20	NA	80	NA	1	NA	4	NA
ruz	NA	87.5	12.5	NA	NA	7	1	NA
s'i	NA	100	NA	NA	NA	1	NA	NA
sab	5.128205128	87.17948718	7.692307692	NA	2	34	3	NA
sac	2.325581395	82.55813953	12.79069767	2.325581395	2	71	11	2
sad	15.38461538	53.84615385	30.76923077	NA	2	7	4	NA
sae	12.5	75	12.5	NA	1	6	1	NA
saf	NA	50	50	NA	NA	3	3	NA
sag	9.090909091	75	15.90909091	NA	4	33	7	NA
sah	NA	100	NA	NA	NA	4	NA	NA
sai	20	80	NA	NA	1	4	NA	NA
sal	6.12244898	81.34110787	12.53644315	NA	21	279	43	NA
sam	8.695652174	91.30434783	NA	NA	2	21	NA	NA
san	6.030150754	81.90954774	11.55778894	0.502512563	12	163	23	1
sao	NA	100	NA	NA	NA	1	NA	NA
sap	5.263157895	77.63157895	17.10526316	NA	4	59	13	NA
saq	NA	100	NA	NA	NA	1	NA	NA
sar	3.896103896	87.01298701	9.090909091	NA	3	67	7	NA
sas	NA	86.95652174	13.04347826	NA	NA	20	3	NA
sat	NA	50	47.36842105	2.631578947	NA	19	18	1
sau	NA	100	NA	NA	NA	7	NA	NA
sav	NA	96.96969697	3.03030303	NA	NA	32	1	NA
sax	NA	100	NA	NA	NA	1	NA	NA
saz	8.333333333	91.66666667	NA	NA	1	11	NA	NA
sba	7.100591716	79.8816568	13.01775148	NA	12	135	22	NA
sbe	NA	81.81818182	18.18181818	NA	NA	9	2	NA
sbi	1.886792453	83.01886792	15.09433962	NA	1	44	8	NA
sbl	NA	81.81818182	18.18181818	NA	NA	9	2	NA
sbo	10	82.5	7.5	NA	4	33	3	NA
sbr	5.084745763	77.96610169	16.94915254	NA	3	46	10	NA
sbu	6.25	84.375	9.375	NA	2	27	3	NA
sca	5.177993528	78.802589	15.69579288	0.323624595	32	487	97	2
sce	2.836879433	70.21276596	26.95035461	NA	4	99	38	NA
sch	4.814814815	81.48148148	13.33333333	0.37037037	13	220	36	1
sci	2.671755725	79.00763359	17.55725191	0.763358779	7	207	46	2
scl	NA	100	NA	NA	NA	7	NA	NA
sco	4.414003044	78.38660578	17.04718417	0.152207002	29	515	112	1
scr	3.529411765	71.76470588	23.52941176	1.176470588	6	122	40	2
scu	2.083333333	70.83333333	27.08333333	NA	2	68	26	NA
sde	NA	100	NA	NA	NA	14	NA	NA
sdi	NA	100	NA	NA	NA	2	NA	NA
sdo	NA	90	10	NA	NA	9	1	NA
sdr	4.761904762	80.95238095	14.28571429	NA	1	17	3	NA
se'	50	50	NA	NA	1	1	NA	NA
sea	NA	100	NA	NA	NA	1	NA	NA
seb	NA	77.77777778	22.22222222	NA	NA	7	2	NA
sec	1.149425287	86.20689655	12.64367816	NA	1	75	11	NA
sed	6	80	14	NA	6	80	14	NA
seg	6.593406593	76.37362637	16.48351648	0.549450549	12	139	30	1
sei	NA	100	NA	NA	NA	9	NA	NA
sek	NA	50	50	NA	NA	1	1	NA
sel	6.896551724	79.31034483	13.79310345	NA	4	46	8	NA
sem	6.132075472	73.58490566	19.81132075	0.471698113	13	156	42	1
sen	9.248554913	73.98843931	16.76300578	NA	16	128	29	NA
sep	5.714285714	78.57142857	15.71428571	NA	4	55	11	NA
seq	4.347826087	82.60869565	13.04347826	NA	1	19	3	NA
ser	5.759162304	74.86910995	19.37172775	NA	11	143	37	NA
ses	7.547169811	79.24528302	13.20754717	NA	4	42	7	NA
set	2.469135802	87.65432099	9.87654321	NA	2	71	8	NA
sev	7.692307692	76.92307692	15.38461538	NA	1	10	2	NA
sez	NA	100	NA	NA	NA	5	NA	NA
sfa	1.333333333	88	10.66666667	NA	1	66	8	NA
sfe	3.571428571	82.14285714	14.28571429	NA	1	23	4	NA
sfi	5.263157895	78.94736842	15.78947368	NA	6	90	18	NA
sfo	5	77.14285714	17.85714286	NA	7	108	25	NA
sfr	4.411764706	83.82352941	11.76470588	NA	3	57	8	NA
sfu	6.52173913	82.60869565	10.86956522	NA	3	38	5	NA
sga	4.255319149	89.36170213	6.382978723	NA	2	42	3	NA
sgh	NA	90	10	NA	NA	9	1	NA
sgo	5.128205128	73.07692308	20.51282051	1.282051282	4	57	16	1
sgr	2.666666667	80	17.33333333	NA	2	60	13	NA
sgu	5.405405405	81.08108108	13.51351351	NA	2	30	5	NA
sha	NA	80	20	NA	NA	4	1	NA
sho	NA	100	NA	NA	NA	1	NA	NA
si'	NA	NA	100	NA	NA	NA	1	NA
sia	NA	100	NA	NA	NA	2	NA	NA
sib	10	70	15	5	2	14	3	1
sic	11.11111111	77.77777778	11.11111111	NA	3	21	3	NA
sid	9.090909091	63.63636364	27.27272727	NA	1	7	3	NA
sie	7.692307692	92.30769231	NA	NA	1	12	NA	NA
sif	NA	83.33333333	16.66666667	NA	NA	5	1	NA
sig	8.571428571	82.85714286	7.142857143	1.428571429	6	58	5	1
sil	3.448275862	84.48275862	12.06896552	NA	2	49	7	NA
sim	5.154639175	62.88659794	30.92783505	1.030927835	5	61	30	1
sin	5.769230769	66.66666667	27.56410256	NA	9	104	43	NA
sio	NA	100	NA	NA	NA	5	NA	NA
sip	NA	100	NA	NA	NA	4	NA	NA
sir	NA	86.36363636	13.63636364	NA	NA	19	3	NA
sis	6.153846154	64.61538462	29.23076923	NA	4	42	19	NA
sit	NA	85.71428571	14.28571429	NA	NA	12	2	NA
siv	NA	75	25	NA	NA	3	1	NA
sla	NA	96.66666667	3.333333333	NA	NA	29	1	NA
sle	14.28571429	71.42857143	14.28571429	NA	1	5	1	NA
sli	13.33333333	80	6.666666667	NA	2	12	1	NA
slo	NA	93.33333333	6.666666667	NA	NA	14	1	NA
sma	2.352941176	92.94117647	4.705882353	NA	2	79	4	NA
sme	4.225352113	77.46478873	18.30985915	NA	3	55	13	NA
smi	3.333333333	93.33333333	3.333333333	NA	1	28	1	NA
smo	NA	84.61538462	12.82051282	2.564102564	NA	33	5	1
smu	NA	66.66666667	33.33333333	NA	NA	12	6	NA
sna	NA	86.66666667	13.33333333	NA	NA	13	2	NA
sne	NA	93.33333333	6.666666667	NA	NA	14	1	NA
sni	12.5	75	12.5	NA	1	6	1	NA
sno	6.451612903	67.74193548	25.80645161	NA	2	21	8	NA
soa	25	75	NA	NA	1	3	NA	NA
sob	9.523809524	90.47619048	NA	NA	2	19	NA	NA
soc	4.87804878	57.31707317	37.80487805	NA	4	47	31	NA
sod	2.380952381	88.0952381	9.523809524	NA	1	37	4	NA
soe	NA	100	NA	NA	NA	1	NA	NA
sof	11.2	68.8	19.2	0.8	14	86	24	1
sog	7.058823529	77.64705882	15.29411765	NA	6	66	13	NA
soi	NA	100	NA	NA	NA	1	NA	NA
sol	4.87804878	72.19512195	22.92682927	NA	10	148	47	NA
som	3.125	71.875	25	NA	3	69	24	NA
son	6.666666667	81.66666667	11.66666667	NA	4	49	7	NA
sop	3.821656051	81.52866242	14.64968153	NA	6	128	23	NA
soq	NA	100	NA	NA	NA	1	NA	NA
sor	4.522613065	74.87437186	20.60301508	NA	9	149	41	NA
sos	4.571428571	72.57142857	22.85714286	NA	8	127	40	NA
sot	3.557312253	78.26086957	17.39130435	0.790513834	9	198	44	2
sov	2.290076336	80.91603053	16.03053435	0.763358779	3	106	21	1
soz	NA	100	NA	NA	NA	2	NA	NA
spa	5.089058524	78.37150127	16.5394402	NA	20	308	65	NA
spe	3.95480226	75.42372881	20.05649718	0.564971751	14	267	71	2
spi	4.166666667	72.22222222	23.26388889	0.347222222	12	208	67	1
spl	NA	53.33333333	46.66666667	NA	NA	8	7	NA
spo	5.069124424	76.03686636	18.43317972	0.460829493	11	165	40	1
spr	1.6	83.2	15.2	NA	2	104	19	NA
spu	6.849315068	83.56164384	9.589041096	NA	5	61	7	NA
squ	4.081632653	76.53061224	19.3877551	NA	4	75	19	NA
sra	9.090909091	90.90909091	NA	NA	1	10	NA	NA
sre	NA	100	NA	NA	NA	5	NA	NA
sro	12.5	75	12.5	NA	1	6	1	NA
sta	4.324324324	82.43243243	12.97297297	0.27027027	16	305	48	1
ste	3.067484663	76.68711656	19.63190184	0.613496933	5	125	32	1
sti	4.166666667	78.47222222	15.97222222	1.388888889	6	113	23	2
sto	1.834862385	79.81651376	18.34862385	NA	2	87	20	NA
str	2.317290553	81.81818182	15.68627451	0.178253119	13	459	88	1
stt	NA	100	NA	NA	NA	1	NA	NA
stu	4.895104895	81.81818182	12.58741259	0.699300699	7	117	18	1
sua	NA	100	NA	NA	NA	2	NA	NA
sub	8.256880734	74.31192661	17.43119266	NA	9	81	19	NA
suc	1.5625	79.6875	18.75	NA	1	51	12	NA
sud	NA	81.69014085	18.30985915	NA	NA	58	13	NA
sue	NA	100	NA	NA	NA	2	NA	NA
suf	NA	100	NA	NA	NA	14	NA	NA
sug	3.846153846	82.69230769	13.46153846	NA	2	43	7	NA
sui	11.76470588	58.82352941	29.41176471	NA	2	10	5	NA
sul	9.090909091	54.54545455	36.36363636	NA	1	6	4	NA
sum	25	75	NA	NA	1	3	NA	NA
sun	NA	75	25	NA	NA	3	1	NA
suo	6.818181818	75	18.18181818	NA	3	33	8	NA
sup	4.248366013	80.71895425	14.70588235	0.326797386	13	247	45	1
sur	2.631578947	89.47368421	7.894736842	NA	1	34	3	NA
sus	8.235294118	67.05882353	23.52941176	1.176470588	7	57	20	1
sut	NA	100	NA	NA	NA	6	NA	NA
suu	NA	100	NA	NA	NA	2	NA	NA
suv	NA	100	NA	NA	NA	2	NA	NA
suz	NA	100	NA	NA	NA	3	NA	NA
sva	3.773584906	77.35849057	18.86792453	NA	2	41	10	NA
sve	6.474820144	75.53956835	17.98561151	NA	9	105	25	NA
svi	2.857142857	64.28571429	32.85714286	NA	2	45	23	NA
svo	6	70	24	NA	3	35	12	NA
svu	6.25	68.75	25	NA	1	11	4	NA
tab	10.34482759	86.20689655	3.448275862	NA	3	25	1	NA
tac	4.081632653	71.42857143	24.48979592	NA	2	35	12	NA
tad	NA	100	NA	NA	NA	3	NA	NA
taf	16.66666667	83.33333333	NA	NA	1	5	NA	NA
tag	5.063291139	81.01265823	13.92405063	NA	4	64	11	NA
tah	NA	100	NA	NA	NA	3	NA	NA
tai	NA	80	20	NA	NA	4	1	NA
tal	NA	87.17948718	12.82051282	NA	NA	34	5	NA
tam	3.125	87.5	9.375	NA	1	28	3	NA
tan	9.230769231	73.84615385	16.92307692	NA	6	48	11	NA
tao	NA	100	NA	NA	NA	6	NA	NA
tap	3.225806452	90.32258065	6.451612903	NA	1	28	2	NA
tar	2.752293578	84.40366972	12.8440367	NA	3	92	14	NA
tas	1.886792453	84.90566038	13.20754717	NA	1	45	7	NA
tat	14.81481481	59.25925926	25.92592593	NA	4	16	7	NA
tau	11.11111111	66.66666667	22.22222222	NA	1	6	2	NA
tav	NA	83.33333333	16.66666667	NA	NA	20	4	NA
tax	NA	100	NA	NA	NA	2	NA	NA
taz	NA	100	NA	NA	NA	7	NA	NA
tea	9.090909091	90.90909091	NA	NA	1	10	NA	NA
teb	NA	100	NA	NA	NA	3	NA	NA
tec	NA	40.74074074	59.25925926	NA	NA	11	16	NA
ted	NA	87.5	12.5	NA	NA	7	1	NA
tef	50	50	NA	NA	1	1	NA	NA
teg	NA	57.14285714	42.85714286	NA	NA	4	3	NA
tei	NA	100	NA	NA	NA	3	NA	NA
tej	NA	100	NA	NA	NA	1	NA	NA
tel	4.469273743	70.39106145	23.46368715	1.675977654	8	126	42	3
tem	6.086956522	73.04347826	20.86956522	NA	7	84	24	NA
ten	4.784688995	66.98564593	28.22966507	NA	10	140	59	NA
teo	NA	53.65853659	46.34146341	NA	NA	22	19	NA
tep	NA	85.71428571	14.28571429	NA	NA	6	1	NA
teq	NA	100	NA	NA	NA	1	NA	NA
ter	2.739726027	77.16894977	19.6347032	0.456621005	6	169	43	1
tes	5.405405405	83.78378378	10.81081081	NA	6	93	12	NA
tet	NA	73.91304348	26.08695652	NA	NA	17	6	NA
teu	NA	50	50	NA	NA	2	2	NA
tev	NA	NA	100	NA	NA	NA	1	NA
tex	NA	100	NA	NA	NA	5	NA	NA
tha	NA	100	NA	NA	NA	3	NA	NA
the	NA	50	50	NA	NA	1	1	NA
thi	NA	100	NA	NA	NA	1	NA	NA
tho	NA	100	NA	NA	NA	1	NA	NA
tia	NA	100	NA	NA	NA	2	NA	NA
tib	NA	93.75	6.25	NA	NA	15	1	NA
tic	NA	83.33333333	16.66666667	NA	NA	5	1	NA
tie	16.66666667	NA	83.33333333	NA	1	NA	5	NA
tif	NA	89.47368421	10.52631579	NA	NA	17	2	NA
tig	NA	91.66666667	8.333333333	NA	NA	11	1	NA
til	NA	100	NA	NA	NA	1	NA	NA
tim	7.692307692	61.53846154	30.76923077	NA	3	24	12	NA
tin	7.5	80	12.5	NA	3	32	5	NA
tio	NA	100	NA	NA	NA	1	NA	NA
tip	NA	50	50	NA	NA	11	11	NA
tir	7.865168539	71.91011236	20.2247191	NA	7	64	18	NA
tis	16.66666667	83.33333333	NA	NA	1	5	NA	NA
tit	15	60	25	NA	6	24	10	NA
tiv	50	NA	50	NA	1	NA	1	NA
tiz	NA	100	NA	NA	NA	7	NA	NA
toa	NA	100	NA	NA	NA	1	NA	NA
tob	NA	100	NA	NA	NA	4	NA	NA
toc	6.818181818	72.72727273	20.45454545	NA	3	32	9	NA
tod	NA	80	20	NA	NA	4	1	NA
toe	NA	100	NA	NA	NA	1	NA	NA
tof	NA	20	80	NA	NA	1	4	NA
tog	5.263157895	50.87719298	43.85964912	NA	3	29	25	NA
tok	NA	100	NA	NA	NA	2	NA	NA
tol	3.225806452	83.87096774	9.677419355	3.225806452	1	26	3	1
tom	NA	89.65517241	10.34482759	NA	NA	26	3	NA
ton	4.166666667	81.25	14.58333333	NA	2	39	7	NA
top	3.448275862	65.51724138	31.03448276	NA	1	19	9	NA
tor	3.720930233	75.81395349	20	0.465116279	8	163	43	1
tos	6	76	18	NA	3	38	9	NA
tot	13.33333333	80	6.666666667	NA	4	24	2	NA
tov	NA	100	NA	NA	NA	6	NA	NA
tox	NA	100	NA	NA	NA	1	NA	NA
toy	NA	100	NA	NA	NA	1	NA	NA
toz	NA	100	NA	NA	NA	5	NA	NA
tra	4.361370717	73.72793354	21.70301142	0.20768432	42	710	209	2
tre	4.666666667	78.66666667	16	0.666666667	7	118	24	1
tri	6.018518519	79.16666667	14.81481481	NA	13	171	32	NA
tro	4.580152672	77.86259542	17.55725191	NA	6	102	23	NA
tru	2.127659574	91.4893617	6.382978723	NA	1	43	3	NA
tua	NA	100	NA	NA	NA	1	NA	NA
tub	NA	84	16	NA	NA	21	4	NA
tuc	16.66666667	66.66666667	16.66666667	NA	1	4	1	NA
tud	NA	100	NA	NA	NA	1	NA	NA
tuf	8.695652174	60.86956522	26.08695652	4.347826087	2	14	6	1
tug	NA	100	NA	NA	NA	2	NA	NA
tui	NA	100	NA	NA	NA	1	NA	NA
tul	NA	100	NA	NA	NA	5	NA	NA
tum	NA	94.11764706	5.882352941	NA	NA	16	1	NA
tun	NA	70	30	NA	NA	7	3	NA
tuo	7.142857143	85.71428571	7.142857143	NA	1	12	1	NA
tur	3.921568627	82.35294118	13.7254902	NA	4	84	14	NA
tus	NA	66.66666667	33.33333333	NA	NA	2	1	NA
tut	6.666666667	86.66666667	6.666666667	NA	3	39	3	NA
tuz	NA	100	NA	NA	NA	1	NA	NA
uba	NA	100	NA	NA	NA	1	NA	NA
ubb	5.882352941	70.58823529	23.52941176	NA	1	12	4	NA
ube	NA	100	NA	NA	NA	1	NA	NA
ubi	11.11111111	88.88888889	NA	NA	1	8	NA	NA
ubo	NA	100	NA	NA	NA	1	NA	NA
ubr	NA	95	5	NA	NA	19	1	NA
ucc	6.52173913	54.34782609	39.13043478	NA	3	25	18	NA
uce	NA	100	NA	NA	NA	1	NA	NA
ucr	NA	100	NA	NA	NA	4	NA	NA
ude	NA	100	NA	NA	NA	1	NA	NA
udi	7.894736842	73.68421053	18.42105263	NA	3	28	7	NA
udu	NA	100	NA	NA	NA	1	NA	NA
uef	NA	100	NA	NA	NA	1	NA	NA
uff	5.263157895	94.73684211	NA	NA	1	18	NA	NA
ufo	NA	100	NA	NA	NA	1	NA	NA
uga	NA	100	NA	NA	NA	2	NA	NA
uge	NA	100	NA	NA	NA	2	NA	NA
ugg	NA	100	NA	NA	NA	2	NA	NA
ugh	NA	100	NA	NA	NA	3	NA	NA
ugo	NA	85.71428571	14.28571429	NA	NA	6	1	NA
ugu	NA	100	NA	NA	NA	7	NA	NA
ulc	NA	50	50	NA	NA	1	1	NA
uli	NA	100	NA	NA	NA	9	NA	NA
ull	NA	100	NA	NA	NA	1	NA	NA
uln	NA	100	NA	NA	NA	1	NA	NA
ult	2.898550725	84.05797101	13.04347826	NA	2	58	9	NA
ulu	NA	50	50	NA	NA	4	4	NA
ulv	NA	100	NA	NA	NA	1	NA	NA
uma	4	72	24	NA	1	18	6	NA
umb	NA	80	20	NA	NA	8	2	NA
ume	NA	100	NA	NA	NA	3	NA	NA
umi	6.666666667	66.66666667	26.66666667	NA	2	20	8	NA
umo	6.666666667	66.66666667	26.66666667	NA	1	10	4	NA
una	25	37.5	37.5	NA	2	3	3	NA
unc	NA	100	NA	NA	NA	6	NA	NA
und	NA	37.5	62.5	NA	NA	3	5	NA
ung	5.555555556	72.22222222	22.22222222	NA	1	13	4	NA
uni	9.803921569	66.66666667	23.52941176	NA	10	68	24	NA
unn	NA	100	NA	NA	NA	2	NA	NA
uno	NA	100	NA	NA	NA	10	NA	NA
unt	11.11111111	88.88888889	NA	NA	1	8	NA	NA
unu	NA	100	NA	NA	NA	2	NA	NA
unz	NA	100	NA	NA	NA	2	NA	NA
uom	NA	50	50	NA	NA	2	2	NA
uop	NA	100	NA	NA	NA	1	NA	NA
uos	NA	100	NA	NA	NA	1	NA	NA
uov	NA	100	NA	NA	NA	2	NA	NA
upi	NA	100	NA	NA	NA	1	NA	NA
upu	NA	NA	100	NA	NA	NA	1	NA
ura	NA	100	NA	NA	NA	6	NA	NA
urb	5.263157895	68.42105263	26.31578947	NA	1	13	5	NA
urd	NA	100	NA	NA	NA	1	NA	NA
ure	NA	80	20	NA	NA	4	1	NA
urg	NA	90.90909091	9.090909091	NA	NA	10	1	NA
uri	8.333333333	75	16.66666667	NA	1	9	2	NA
url	4.347826087	73.91304348	21.73913043	NA	1	17	5	NA
urn	NA	100	NA	NA	NA	2	NA	NA
uro	NA	75	25	NA	NA	3	1	NA
urr	50	NA	50	NA	1	NA	1	NA
urs	NA	66.66666667	33.33333333	NA	NA	2	1	NA
urt	6.25	68.75	25	NA	1	11	4	NA
uru	NA	100	NA	NA	NA	5	NA	NA
usa	7.317073171	70.73170732	21.95121951	NA	3	29	9	NA
usb	NA	100	NA	NA	NA	1	NA	NA
usc	9.756097561	75.6097561	14.63414634	NA	4	31	6	NA
use	NA	NA	100	NA	NA	NA	1	NA
usi	33.33333333	66.66666667	NA	NA	1	2	NA	NA
uso	NA	100	NA	NA	NA	2	NA	NA
uss	NA	100	NA	NA	NA	2	NA	NA
ust	10	80	10	NA	1	8	1	NA
usu	3.448275862	89.65517241	6.896551724	NA	1	26	2	NA
uta	NA	100	NA	NA	NA	1	NA	NA
ute	NA	83.33333333	16.66666667	NA	NA	10	2	NA
uti	6.818181818	61.36363636	31.81818182	NA	3	27	14	NA
uto	NA	41.66666667	58.33333333	NA	NA	5	7	NA
utr	NA	100	NA	NA	NA	1	NA	NA
uva	NA	100	NA	NA	NA	4	NA	NA
uve	NA	100	NA	NA	NA	1	NA	NA
uxo	NA	100	NA	NA	NA	2	NA	NA
uzb	NA	100	NA	NA	NA	2	NA	NA
uzi	NA	100	NA	NA	NA	1	NA	NA
uzz	NA	NA	100	NA	NA	NA	1	NA
va'	NA	100	NA	NA	NA	1	NA	NA
vab	100	NA	NA	NA	1	NA	NA	NA
vac	5.128205128	89.74358974	5.128205128	NA	2	35	2	NA
vad	25	75	NA	NA	1	3	NA	NA
vag	4.166666667	89.58333333	6.25	NA	2	43	3	NA
vai	16.66666667	83.33333333	NA	NA	1	5	NA	NA
val	4.712041885	81.67539267	13.08900524	0.523560209	9	156	25	1
vam	NA	100	NA	NA	NA	10	NA	NA
van	2.352941176	89.41176471	8.235294118	NA	2	76	7	NA
vap	NA	100	NA	NA	NA	10	NA	NA
var	7.317073171	84.14634146	8.536585366	NA	6	69	7	NA
vas	2.777777778	97.22222222	NA	NA	1	35	NA	NA
vat	NA	90	10	NA	NA	9	1	NA
vav	NA	100	NA	NA	NA	2	NA	NA
vec	NA	100	NA	NA	NA	20	NA	NA
ved	3.529411765	65.88235294	30.58823529	NA	3	56	26	NA
vee	NA	100	NA	NA	NA	3	NA	NA
veg	3.125	75	18.75	3.125	1	24	6	1
veh	NA	NA	100	NA	NA	NA	1	NA
vei	NA	50	50	NA	NA	3	3	NA
vej	100	NA	NA	NA	1	NA	NA	NA
vel	7.594936709	73.41772152	17.72151899	1.265822785	6	58	14	1
ven	4.280155642	70.42801556	24.90272374	0.389105058	11	181	64	1
ver	4.946996466	76.32508834	18.02120141	0.706713781	14	216	51	2
ves	5.128205128	76.92307692	17.94871795	NA	4	60	14	NA
vet	3.571428571	87.5	8.928571429	NA	2	49	5	NA
vex	NA	100	NA	NA	NA	2	NA	NA
vez	NA	100	NA	NA	NA	7	NA	NA
via	4.166666667	87.5	8.333333333	NA	2	42	4	NA
vib	4.761904762	80.95238095	14.28571429	NA	1	17	3	NA
vic	1.612903226	83.87096774	14.51612903	NA	1	52	9	NA
vid	7.317073171	78.04878049	14.63414634	NA	3	32	6	NA
vie	6.896551724	82.75862069	10.34482759	NA	2	24	3	NA
vig	4.838709677	85.48387097	8.064516129	1.612903226	3	53	5	1
vik	NA	100	NA	NA	NA	2	NA	NA
vil	4.444444444	93.33333333	2.222222222	NA	2	42	1	NA
vim	NA	80	20	NA	NA	4	1	NA
vin	2.53164557	69.62025316	27.84810127	NA	2	55	22	NA
vio	4.545454545	77.27272727	18.18181818	NA	3	51	12	NA
vip	NA	33.33333333	66.66666667	NA	NA	1	2	NA
vir	7.407407407	75.92592593	16.66666667	NA	4	41	9	NA
vis	6.349206349	80.95238095	11.9047619	0.793650794	8	102	15	1
vit	6.024096386	79.51807229	14.45783133	NA	5	66	12	NA
viu	NA	100	NA	NA	NA	2	NA	NA
viv	5.208333333	65.625	28.125	1.041666667	5	63	27	1
viz	5.555555556	94.44444444	NA	NA	1	17	NA	NA
vla	NA	100	NA	NA	NA	1	NA	NA
vob	NA	100	NA	NA	NA	1	NA	NA
voc	3.571428571	82.14285714	14.28571429	NA	1	23	4	NA
vod	NA	100	NA	NA	NA	2	NA	NA
voe	NA	100	NA	NA	NA	2	NA	NA
vog	7.692307692	92.30769231	NA	NA	1	12	NA	NA
voi	NA	100	NA	NA	NA	2	NA	NA
vol	8.796296296	74.53703704	16.66666667	NA	19	161	36	NA
vom	NA	60	30	10	NA	6	3	1
von	NA	NA	100	NA	NA	NA	1	NA
vor	7.142857143	57.14285714	35.71428571	NA	1	8	5	NA
vos	20	80	NA	NA	1	4	NA	NA
vot	8.108108108	81.08108108	10.81081081	NA	3	30	4	NA
vud	100	NA	NA	NA	1	NA	NA	NA
vue	NA	100	NA	NA	NA	1	NA	NA
vul	6.25	56.25	37.5	NA	1	9	6	NA
vum	NA	100	NA	NA	NA	1	NA	NA
vuo	18.75	68.75	12.5	NA	3	11	2	NA
wag	NA	100	NA	NA	NA	4	NA	NA
wer	NA	100	NA	NA	NA	1	NA	NA
wil	NA	100	NA	NA	NA	1	NA	NA
xen	NA	25	75	NA	NA	1	3	NA
xer	NA	100	NA	NA	NA	1	NA	NA
yal	NA	100	NA	NA	NA	1	NA	NA
yam	NA	100	NA	NA	NA	1	NA	NA
yog	NA	100	NA	NA	NA	4	NA	NA
yup	NA	100	NA	NA	NA	2	NA	NA
zab	NA	100	NA	NA	NA	2	NA	NA
zac	NA	100	NA	NA	NA	8	NA	NA
zad	NA	100	NA	NA	NA	1	NA	NA
zaf	NA	100	NA	NA	NA	8	NA	NA
zag	NA	44.44444444	55.55555556	NA	NA	4	5	NA
zai	NA	100	NA	NA	NA	6	NA	NA
zak	NA	100	NA	NA	NA	1	NA	NA
zam	3.846153846	92.30769231	3.846153846	NA	1	24	1	NA
zan	5.555555556	94.44444444	NA	NA	2	34	NA	NA
zap	10	70	20	NA	1	7	2	NA
zar	NA	100	NA	NA	NA	12	NA	NA
zat	NA	50	50	NA	NA	2	2	NA
zav	NA	85.71428571	14.28571429	NA	NA	6	1	NA
zaz	33.33333333	33.33333333	33.33333333	NA	1	1	1	NA
ze'	NA	100	NA	NA	NA	1	NA	NA
zeb	NA	100	NA	NA	NA	3	NA	NA
zec	NA	100	NA	NA	NA	4	NA	NA
zef	NA	75	25	NA	NA	3	1	NA
zeg	NA	100	NA	NA	NA	2	NA	NA
zel	NA	100	NA	NA	NA	7	NA	NA
zem	NA	100	NA	NA	NA	3	NA	NA
zen	7.142857143	85.71428571	7.142857143	NA	1	12	1	NA
zep	NA	100	NA	NA	NA	5	NA	NA
zer	NA	100	NA	NA	NA	11	NA	NA
zet	NA	100	NA	NA	NA	1	NA	NA
zeu	NA	100	NA	NA	NA	1	NA	NA
zev	NA	100	NA	NA	NA	1	NA	NA
zia	NA	100	NA	NA	NA	2	NA	NA
zib	20	60	20	NA	1	3	1	NA
zic	NA	100	NA	NA	NA	1	NA	NA
zig	33.33333333	50	16.66666667	NA	2	3	1	NA
zil	NA	100	NA	NA	NA	3	NA	NA
zim	NA	100	NA	NA	NA	2	NA	NA
zin	NA	80	20	NA	NA	12	3	NA
zio	NA	100	NA	NA	NA	3	NA	NA
zir	NA	100	NA	NA	NA	4	NA	NA
zis	NA	100	NA	NA	NA	1	NA	NA
zit	7.692307692	92.30769231	NA	NA	1	12	NA	NA
ziv	NA	100	NA	NA	NA	1	NA	NA
ziz	NA	100	NA	NA	NA	1	NA	NA
zoa	NA	100	NA	NA	NA	1	NA	NA
zoc	NA	66.66666667	33.33333333	NA	NA	6	3	NA
zod	NA	66.66666667	33.33333333	NA	NA	2	1	NA
zoe	NA	50	50	NA	NA	1	1	NA
zof	NA	NA	100	NA	NA	NA	1	NA
zol	10	90	NA	NA	1	9	NA	NA
zom	NA	100	NA	NA	NA	4	NA	NA
zon	10	90	NA	NA	1	9	NA	NA
zoo	NA	36.36363636	63.63636364	NA	NA	4	7	NA
zop	NA	88.88888889	11.11111111	NA	NA	8	1	NA
zor	NA	100	NA	NA	NA	3	NA	NA
zot	NA	50	50	NA	NA	1	1	NA
zua	NA	100	NA	NA	NA	1	NA	NA
zuc	NA	92	8	NA	NA	23	2	NA
zuf	NA	60	40	NA	NA	3	2	NA
zul	NA	100	NA	NA	NA	1	NA	NA
zup	NA	100	NA	NA	NA	5	NA	NA
zur	16.66666667	83.33333333	NA	NA	1	5	NA	NA
zuz	NA	100	NA	NA	NA	2	NA	NA
