ending	%ULT_Ty	%PULT_Ty	%APULT_Ty	%PAPULT_Ty	nULT_Ty	nPULT_Ty	nAPULT_Ty	nPAPULT_Ty
aba	NA	66.6666666666667	33.3333333333333	NA	NA	6	3	NA
abe	NA	66.6666666666667	33.3333333333333	NA	NA	4	2	NA
abi	NA	60	40	NA	NA	3	2	NA
abo	NA	16.6666666666667	83.3333333333333	NA	NA	1	5	NA
aca	NA	42.8571428571429	57.1428571428571	NA	NA	15	20	NA
ace	NA	91.4893617021277	8.51063829787234	NA	NA	43	4	NA
aci	NA	57.1428571428571	42.8571428571429	NA	NA	36	27	NA
aco	NA	22.7272727272727	77.2727272727273	NA	NA	10	34	NA
ada	NA	94.6428571428571	5.35714285714286	NA	NA	53	3	NA
ade	2.22222222222222	55.5555555555556	42.2222222222222	NA	1	25	19	NA
adi	NA	41.6666666666667	58.3333333333333	NA	NA	10	14	NA
ado	NA	94.7368421052632	5.26315789473684	NA	NA	36	2	NA
adu	NA	100	NA	NA	NA	1	NA	NA
afa	8.33333333333333	25	66.6666666666667	NA	1	3	8	NA
afe	NA	25	75	NA	NA	1	3	NA
afi	NA	23.8095238095238	76.1904761904762	NA	NA	5	16	NA
afo	NA	10.3448275862069	89.6551724137931	NA	NA	3	26	NA
aga	NA	84.6153846153846	15.3846153846154	NA	NA	22	4	NA
age	16.6666666666667	83.3333333333333	NA	NA	1	5	NA	NA
agi	NA	84.2105263157895	15.7894736842105	NA	NA	16	3	NA
ago	NA	87.5	12.5	NA	NA	42	6	NA
aha	NA	100	NA	NA	NA	1	NA	NA
aho	NA	100	NA	NA	NA	1	NA	NA
aja	NA	100	NA	NA	NA	4	NA	NA
aje	NA	100	NA	NA	NA	2	NA	NA
ajo	NA	100	NA	NA	NA	1	NA	NA
aka	NA	100	NA	NA	NA	5	NA	NA
ake	NA	100	NA	NA	NA	2	NA	NA
aki	NA	100	NA	NA	NA	4	NA	NA
ako	NA	100	NA	NA	NA	1	NA	NA
ala	NA	75	25	NA	NA	36	12	NA
ale	NA	98.2288828337875	1.77111716621253	NA	NA	721	13	NA
ali	NA	96.2134251290878	3.78657487091222	NA	NA	559	22	NA
alo	NA	29.1666666666667	70.8333333333333	NA	NA	14	34	NA
ama	NA	93.9393939393939	6.06060606060606	NA	NA	31	2	NA
ame	2.4390243902439	97.5609756097561	NA	NA	1	40	NA	NA
ami	NA	50.6172839506173	48.1481481481481	1.23456790123457	NA	41	39	1
amo	NA	97.463768115942	2.53623188405797	NA	NA	807	21	NA
amu	NA	100	NA	NA	NA	1	NA	NA
ana	NA	99.5642701525055	0.435729847494553	NA	NA	457	2	NA
ane	NA	91.1111111111111	8.88888888888889	NA	NA	164	16	NA
ani	NA	95.9401709401709	4.05982905982906	NA	NA	449	19	NA
ano	NA	19.9015687480775	73.1159643186712	6.98246693325131	NA	647	2377	227
anu	NA	100	NA	NA	NA	3	NA	NA
apa	NA	85.7142857142857	14.2857142857143	NA	NA	6	1	NA
ape	NA	75	25	NA	NA	6	2	NA
api	NA	100	NA	NA	NA	8	NA	NA
apo	NA	85.7142857142857	14.2857142857143	NA	NA	12	2	NA
ara	NA	91.869918699187	8.13008130081301	NA	NA	113	10	NA
are	NA	98.9520354695687	1.04796453043128	NA	NA	2455	26	NA
ari	NA	94.5701357466063	5.42986425339367	NA	NA	418	24	NA
aro	NA	85.7142857142857	14.2857142857143	NA	NA	132	22	NA
aru	NA	100	NA	NA	NA	1	NA	NA
asa	NA	100	NA	NA	NA	17	NA	NA
ase	NA	91.6666666666667	8.33333333333333	NA	NA	11	1	NA
asi	NA	37.3737373737374	62.6262626262626	NA	NA	37	62	NA
aso	NA	89.2857142857143	10.7142857142857	NA	NA	25	3	NA
ata	NA	99.5982142857143	0.357142857142857	0.0446428571428571	NA	2231	8	1
ate	0.0555247084952804	99.5558023320378	0.388672959466963	NA	1	1793	7	NA
ati	NA	99.1811175337187	0.81888246628131	NA	NA	2059	17	NA
ato	NA	99.8955795335886	0.104420466411417	NA	NA	2870	3	NA
atu	NA	100	NA	NA	NA	3	NA	NA
ava	NA	100	NA	NA	NA	1104	NA	NA
ave	NA	92.3076923076923	7.69230769230769	NA	NA	24	2	NA
avi	NA	97.1014492753623	2.89855072463768	NA	NA	67	2	NA
avo	NA	99.6575342465753	0.342465753424658	NA	NA	291	1	NA
awa	NA	100	NA	NA	NA	1	NA	NA
axa	NA	100	NA	NA	NA	1	NA	NA
axi	NA	100	NA	NA	NA	4	NA	NA
aya	NA	100	NA	NA	NA	3	NA	NA
ayo	NA	100	NA	NA	NA	1	NA	NA
aza	NA	100	NA	NA	NA	3	NA	NA
aze	NA	100	NA	NA	NA	1	NA	NA
azi	NA	100	NA	NA	NA	9	NA	NA
azo	NA	100	NA	NA	NA	1	NA	NA
eba	NA	100	NA	NA	NA	3	NA	NA
ebe	NA	100	NA	NA	NA	4	NA	NA
ebi	NA	100	NA	NA	NA	1	NA	NA
ebo	NA	83.3333333333333	16.6666666666667	NA	NA	5	1	NA
eca	NA	91.4285714285714	8.57142857142857	NA	NA	32	3	NA
ece	NA	77.7777777777778	22.2222222222222	NA	NA	7	2	NA
eci	NA	29.6296296296296	70.3703703703704	NA	NA	8	19	NA
eco	NA	94.4444444444444	5.55555555555556	NA	NA	17	1	NA
eda	NA	96.875	3.125	NA	NA	31	1	NA
ede	NA	97.7777777777778	2.22222222222222	NA	NA	44	1	NA
edi	NA	92.8571428571429	7.14285714285714	NA	NA	39	3	NA
edo	NA	97.4358974358974	2.56410256410256	NA	NA	38	1	NA
efa	NA	100	NA	NA	NA	1	NA	NA
efe	NA	100	NA	NA	NA	1	NA	NA
ega	NA	87.8048780487805	12.1951219512195	NA	NA	36	5	NA
ege	NA	100	NA	NA	NA	4	NA	NA
egi	NA	100	NA	NA	NA	9	NA	NA
ego	NA	90.4761904761905	9.52380952380952	NA	NA	19	2	NA
ejo	NA	100	NA	NA	NA	1	NA	NA
eka	NA	NA	100	NA	NA	NA	1	NA
eki	NA	100	NA	NA	NA	1	NA	NA
eko	NA	100	NA	NA	NA	4	NA	NA
ela	NA	26.3681592039801	66.6666666666667	6.96517412935323	NA	53	134	14
ele	NA	37.9032258064516	62.0967741935484	NA	NA	47	77	NA
eli	NA	22.9007633587786	76.3358778625954	0.763358778625954	NA	30	100	1
elo	NA	14.7208121827411	80.7106598984772	4.56852791878173	NA	29	159	9
ema	NA	90.2439024390244	9.75609756097561	NA	NA	37	4	NA
eme	NA	100	NA	NA	NA	13	NA	NA
emi	NA	48.75	51.25	NA	NA	39	41	NA
emo	NA	99.672131147541	0.327868852459016	NA	NA	304	1	NA
ena	NA	90.5982905982906	9.4017094017094	NA	NA	106	11	NA
ene	NA	41.7021276595745	43.4042553191489	14.8936170212766	NA	98	102	35
eni	NA	77.7777777777778	22.2222222222222	NA	NA	56	16	NA
eno	NA	80.4347826086957	19.5652173913043	NA	NA	74	18	NA
enu	100	NA	NA	NA	2	NA	NA	NA
epa	NA	100	NA	NA	NA	5	NA	NA
epe	NA	100	NA	NA	NA	6	NA	NA
epi	20	80	NA	NA	1	4	NA	NA
epo	100	NA	NA	NA	1	NA	NA	NA
era	NA	68.5358255451713	31.4641744548287	NA	NA	220	101	NA
ere	0.146412884333821	37.7745241581259	62.0790629575403	NA	1	258	424	NA
eri	NA	72.6287262872629	27.3712737127371	NA	NA	268	101	NA
ero	NA	16.9325153374233	83.0674846625767	NA	NA	138	677	NA
esa	NA	100	NA	NA	NA	60	NA	NA
ese	NA	100	NA	NA	NA	229	NA	NA
esi	NA	79.5555555555556	20.4444444444444	NA	NA	179	46	NA
eso	NA	96.3636363636364	3.63636363636364	NA	NA	53	2	NA
eta	NA	93.5483870967742	6.45161290322581	NA	NA	58	4	NA
ete	NA	98.9130434782609	1.08695652173913	NA	NA	273	3	NA
eti	NA	92.6470588235294	7.35294117647059	NA	NA	63	5	NA
eto	NA	89.873417721519	10.126582278481	NA	NA	71	8	NA
eva	NA	100	NA	NA	NA	316	NA	NA
eve	NA	100	NA	NA	NA	15	NA	NA
evi	NA	28.9940828402367	71.0059171597633	NA	NA	49	120	NA
evo	NA	100	NA	NA	NA	130	NA	NA
ezi	NA	100	NA	NA	NA	1	NA	NA
i'i	NA	100	NA	NA	NA	1	NA	NA
i'o	NA	100	NA	NA	NA	1	NA	NA
iba	NA	100	NA	NA	NA	6	NA	NA
ibe	NA	50	50	NA	NA	2	2	NA
ibi	NA	57.1428571428571	42.8571428571429	NA	NA	4	3	NA
ibo	NA	66.6666666666667	33.3333333333333	NA	NA	2	1	NA
ibu	100	NA	NA	NA	1	NA	NA	NA
ica	NA	4.19512195121951	95.8048780487805	NA	NA	43	982	NA
ice	NA	84.4621513944223	15.5378486055777	NA	NA	212	39	NA
ici	NA	16.141235813367	83.7326607818411	0.126103404791929	NA	128	664	1
ico	NA	5.06863780359029	94.9313621964097	NA	NA	48	899	NA
icu	NA	100	NA	NA	NA	1	NA	NA
ida	0.78740157480315	34.6456692913386	64.5669291338583	NA	1	44	82	NA
ide	NA	33.5714285714286	66.4285714285714	NA	NA	47	93	NA
idi	NA	38.2978723404255	61.7021276595745	NA	NA	54	87	NA
ido	NA	21.875	78.125	NA	NA	21	75	NA
ifa	NA	66.6666666666667	33.3333333333333	NA	NA	2	1	NA
ife	NA	100	NA	NA	NA	2	NA	NA
ifi	NA	75	25	NA	NA	3	1	NA
ifo	NA	100	NA	NA	NA	8	NA	NA
iga	NA	70	30	NA	NA	21	9	NA
ige	6.25	62.5	31.25	NA	1	10	5	NA
igi	NA	86.9565217391304	13.0434782608696	NA	NA	20	3	NA
igo	NA	72.7272727272727	27.2727272727273	NA	NA	24	9	NA
ihi	NA	100	NA	NA	NA	1	NA	NA
ijo	NA	100	NA	NA	NA	1	NA	NA
ika	NA	NA	100	NA	NA	NA	10	NA
ike	25	25	50	NA	1	1	2	NA
iki	NA	50	50	NA	NA	1	1	NA
iko	NA	NA	100	NA	NA	NA	4	NA
ila	NA	70.873786407767	29.126213592233	NA	NA	73	30	NA
ile	0.165289256198347	10.9090909090909	88.9256198347107	NA	1	66	538	NA
ili	NA	9.82318271119843	90.1768172888016	NA	NA	50	459	NA
ilo	NA	33.3333333333333	66.6666666666667	NA	NA	14	28	NA
ima	NA	20.952380952381	79.0476190476191	NA	NA	22	83	NA
ime	3.84615384615385	38.4615384615385	57.6923076923077	NA	2	20	30	NA
imi	NA	14.4736842105263	85.5263157894737	NA	NA	11	65	NA
imo	NA	3.86473429951691	96.1352657004831	NA	NA	8	199	NA
ina	NA	92.6677067082683	7.33229329173167	NA	NA	594	47	NA
ine	0.245098039215686	74.7549019607843	25	NA	1	305	102	NA
ini	0.11001100110011	90.7590759075908	9.13091309130913	NA	1	825	83	NA
ino	NA	72.5631768953069	22.8339350180505	4.6028880866426	NA	804	253	51
inu	NA	100	NA	NA	NA	1	NA	NA
ipa	NA	57.1428571428571	42.8571428571429	NA	NA	4	3	NA
ipe	NA	50	50	NA	NA	5	5	NA
ipi	NA	30.7692307692308	69.2307692307692	NA	NA	4	9	NA
ipo	NA	31.25	68.75	NA	NA	5	11	NA
ira	NA	82.9268292682927	17.0731707317073	NA	NA	34	7	NA
ire	NA	99.4285714285714	0.571428571428571	NA	NA	348	2	NA
iri	NA	96.1538461538462	3.84615384615385	NA	NA	25	1	NA
iro	NA	84.6153846153846	15.3846153846154	NA	NA	33	6	NA
iru	100	NA	NA	NA	1	NA	NA	NA
isa	NA	100	NA	NA	NA	45	NA	NA
ise	2.27272727272727	97.7272727272727	NA	NA	1	43	NA	NA
isi	NA	54.954954954955	38.7387387387387	6.30630630630631	NA	61	43	7
iso	NA	97.4358974358974	2.56410256410256	NA	NA	38	1	NA
isu	NA	100	NA	NA	NA	2	NA	NA
ita	NA	76.5350877192982	23.4649122807018	NA	NA	349	107	NA
ite	0.291545189504373	81.9241982507289	17.7842565597668	NA	1	281	61	NA
iti	NA	72.7488151658768	27.2511848341232	NA	NA	307	115	NA
ito	NA	77.2908366533864	22.7091633466135	NA	NA	388	114	NA
iva	NA	100	NA	NA	NA	471	NA	NA
ive	NA	100	NA	NA	NA	222	NA	NA
ivi	NA	99.5934959349593	0.40650406504065	NA	NA	245	1	NA
ivo	NA	100	NA	NA	NA	343	NA	NA
ixo	NA	100	NA	NA	NA	1	NA	NA
iza	NA	100	NA	NA	NA	3	NA	NA
ize	NA	100	NA	NA	NA	1	NA	NA
izi	NA	100	NA	NA	NA	31	NA	NA
oba	NA	57.1428571428571	42.8571428571429	NA	NA	4	3	NA
obe	NA	100	NA	NA	NA	1	NA	NA
obi	NA	54.5454545454545	45.4545454545455	NA	NA	6	5	NA
obo	NA	42.8571428571429	57.1428571428571	NA	NA	3	4	NA
oca	3.2258064516129	61.2903225806452	35.4838709677419	NA	1	19	11	NA
oce	NA	93.75	6.25	NA	NA	15	1	NA
oci	NA	10.1351351351351	89.8648648648649	NA	NA	15	133	NA
oco	NA	84.8484848484848	15.1515151515152	NA	NA	28	5	NA
oda	NA	88.4615384615385	11.5384615384615	NA	NA	23	3	NA
ode	NA	84.2105263157895	15.7894736842105	NA	NA	16	3	NA
odi	NA	70.7317073170732	29.2682926829268	NA	NA	29	12	NA
odo	NA	51.5151515151515	48.4848484848485	NA	NA	17	16	NA
ofa	NA	50	50	NA	NA	3	3	NA
ofe	NA	33.3333333333333	66.6666666666667	NA	NA	1	2	NA
ofi	NA	50	50	NA	NA	4	4	NA
ofo	NA	33.3333333333333	66.6666666666667	NA	NA	1	2	NA
ofu	NA	100	NA	NA	NA	1	NA	NA
oga	NA	33.3333333333333	66.6666666666667	NA	NA	13	26	NA
oge	NA	100	NA	NA	NA	1	NA	NA
ogi	NA	14.8148148148148	85.1851851851852	NA	NA	8	46	NA
ogo	NA	15.4639175257732	84.5360824742268	NA	NA	15	82	NA
ogu	NA	100	NA	NA	NA	1	NA	NA
oja	NA	100	NA	NA	NA	2	NA	NA
ojo	NA	100	NA	NA	NA	2	NA	NA
oka	NA	100	NA	NA	NA	5	NA	NA
oke	NA	100	NA	NA	NA	1	NA	NA
oko	NA	100	NA	NA	NA	3	NA	NA
ola	NA	19.2156862745098	80.7843137254902	NA	NA	98	412	NA
ole	0.291545189504373	15.4518950437318	83.9650145772595	0.291545189504373	1	53	288	1
oli	NA	19.774011299435	80.225988700565	NA	NA	105	426	NA
olo	NA	19.0839694656489	80.9160305343512	NA	NA	100	424	NA
oma	NA	80.9523809523809	19.047619047619	NA	NA	34	8	NA
ome	4.76190476190476	76.1904761904762	19.047619047619	NA	1	16	4	NA
omi	NA	17.0886075949367	82.9113924050633	NA	NA	27	131	NA
omo	NA	57.4468085106383	42.5531914893617	NA	NA	27	20	NA
ona	NA	94.578313253012	5.42168674698795	NA	NA	157	9	NA
one	NA	94.6395563770795	5.36044362292052	NA	NA	2048	116	NA
oni	NA	98.3218916857361	1.67810831426392	NA	NA	1289	22	NA
ono	NA	3.59649122807018	96.140350877193	0.263157894736842	NA	41	1096	3
onu	NA	100	NA	NA	NA	1	NA	NA
opa	NA	100	NA	NA	NA	8	NA	NA
ope	NA	20	80	NA	NA	2	8	NA
opi	NA	43.75	56.25	NA	NA	7	9	NA
opo	NA	56.25	43.75	NA	NA	9	7	NA
ora	NA	73.2758620689655	26.7241379310345	NA	NA	85	31	NA
ore	NA	96.8253968253968	3.17460317460317	NA	NA	732	24	NA
ori	NA	97.3277074542897	2.67229254571027	NA	NA	692	19	NA
oro	NA	85.8974358974359	14.1025641025641	NA	NA	67	11	NA
osa	NA	100	NA	NA	NA	341	NA	NA
ose	NA	99.6138996138996	0.386100386100386	NA	NA	258	1	NA
osi	NA	37.8653113087675	62.1346886912325	NA	NA	298	489	NA
oso	NA	100	NA	NA	NA	325	NA	NA
ota	NA	93.8775510204082	6.12244897959184	NA	NA	46	3	NA
ote	5.55555555555556	91.6666666666667	2.77777777777778	NA	2	33	1	NA
oti	NA	62.962962962963	37.037037037037	NA	NA	34	20	NA
oto	NA	89.2857142857143	10.7142857142857	NA	NA	25	3	NA
otu	NA	100	NA	NA	NA	1	NA	NA
ova	NA	84.6153846153846	15.3846153846154	NA	NA	33	6	NA
ove	NA	96.969696969697	3.03030303030303	NA	NA	32	1	NA
ovi	NA	33.9622641509434	66.0377358490566	NA	NA	18	35	NA
ovo	NA	88	12	NA	NA	22	3	NA
oya	NA	100	NA	NA	NA	1	NA	NA
oza	NA	100	NA	NA	NA	1	NA	NA
ozi	NA	100	NA	NA	NA	2	NA	NA
uba	NA	88.8888888888889	11.1111111111111	NA	NA	8	1	NA
ube	NA	80	20	NA	NA	4	1	NA
ubi	NA	75	25	NA	NA	6	2	NA
ubo	NA	80	20	NA	NA	4	1	NA
uca	NA	96.2962962962963	3.7037037037037	NA	NA	26	1	NA
uce	NA	88.8888888888889	11.1111111111111	NA	NA	24	3	NA
uci	NA	80	20	NA	NA	8	2	NA
uco	NA	100	NA	NA	NA	15	NA	NA
uda	NA	100	NA	NA	NA	24	NA	NA
ude	NA	100	NA	NA	NA	25	NA	NA
udi	NA	100	NA	NA	NA	26	NA	NA
udo	NA	100	NA	NA	NA	22	NA	NA
ufa	NA	100	NA	NA	NA	1	NA	NA
ufe	NA	100	NA	NA	NA	1	NA	NA
ufi	NA	100	NA	NA	NA	4	NA	NA
ufo	NA	100	NA	NA	NA	6	NA	NA
uga	NA	81.8181818181818	18.1818181818182	NA	NA	18	4	NA
uge	NA	50	50	NA	NA	1	1	NA
ugi	NA	90.9090909090909	9.09090909090909	NA	NA	10	1	NA
ugo	NA	80	20	NA	NA	4	1	NA
uja	NA	100	NA	NA	NA	2	NA	NA
ujo	NA	100	NA	NA	NA	1	NA	NA
uka	NA	100	NA	NA	NA	1	NA	NA
uki	NA	100	NA	NA	NA	1	NA	NA
ula	NA	8	92	NA	NA	4	46	NA
ule	NA	19.047619047619	80.9523809523809	NA	NA	4	17	NA
uli	NA	23.5294117647059	76.4705882352941	NA	NA	8	26	NA
ulo	NA	25	75	NA	NA	8	24	NA
ulu	NA	100	NA	NA	NA	2	NA	NA
uma	NA	77.7777777777778	22.2222222222222	NA	NA	21	6	NA
ume	NA	96.6666666666667	3.33333333333333	NA	NA	29	1	NA
umi	NA	91.304347826087	8.69565217391304	NA	NA	21	2	NA
umo	NA	93.3333333333333	6.66666666666667	NA	NA	14	1	NA
una	NA	100	NA	NA	NA	39	NA	NA
une	NA	100	NA	NA	NA	18	NA	NA
uni	NA	100	NA	NA	NA	18	NA	NA
uno	NA	100	NA	NA	NA	33	NA	NA
upa	NA	62.5	37.5	NA	NA	5	3	NA
upe	NA	100	NA	NA	NA	3	NA	NA
upi	NA	80	20	NA	NA	8	2	NA
upo	NA	81.8181818181818	18.1818181818182	NA	NA	9	2	NA
ura	NA	99.1689750692521	0.831024930747922	NA	NA	358	3	NA
ure	1.43540669856459	97.1291866028708	1.43540669856459	NA	3	203	3	NA
uri	NA	92.0634920634921	7.93650793650794	NA	NA	58	5	NA
uro	3.38983050847458	91.5254237288136	5.08474576271187	NA	2	54	3	NA
uru	NA	100	NA	NA	NA	2	NA	NA
usa	NA	100	NA	NA	NA	54	NA	NA
use	3.2258064516129	96.7741935483871	NA	NA	1	30	NA	NA
usi	NA	100	NA	NA	NA	41	NA	NA
uso	NA	100	NA	NA	NA	57	NA	NA
uta	NA	94.1935483870968	5.80645161290323	NA	NA	146	9	NA
ute	NA	98.0952380952381	1.9047619047619	NA	NA	103	2	NA
uti	NA	98.0263157894737	1.97368421052632	NA	NA	149	3	NA
uto	NA	98.8439306358381	1.15606936416185	NA	NA	171	2	NA
utu	NA	100	NA	NA	NA	1	NA	NA
uva	NA	100	NA	NA	NA	1	NA	NA
uve	NA	100	NA	NA	NA	2	NA	NA
uvi	NA	100	NA	NA	NA	2	NA	NA
uxe	NA	100	NA	NA	NA	1	NA	NA
uzi	NA	100	NA	NA	NA	3	NA	NA
uzo	NA	100	NA	NA	NA	1	NA	NA
