CV-structure	%ULT_Tk	%PULT_Tk	%APULT_Tk	%PAPULT_Tk	nULT_Tk	nPULT_Tk	nAPULT_Tk	nPAPULT_Tk
CCCVCCCVCCV	0	100	0	0	0	3	0	0
CCCVCCCVCV	0	100	0	0	0	2	0	0
CCCVCCCVVCVCV	0	66.6666666666667	0	33.3333333333333	0	2	0	1
CCCVCCCVVCVV	0	100	0	0	0	6	0	0
CCCVCCV	0	100	0	0	0	394	0	0
CCCVCCVCCCVVCV	0	0	100	0	0	0	1	0
CCCVCCVCCV	0	92.8571428571429	7.14285714285714	0	0	39	3	0
CCCVCCVCCVCCV	0	50	50	0	0	1	1	0
CCCVCCVCCVCV	0	12.5	87.5	0	0	1	7	0
CCCVCCVCCVCVCV	0	0	100	0	0	0	1	0
CCCVCCVCCVV	0	100	0	0	0	1	0	0
CCCVCCVCV	0	64.7058823529412	35.2941176470588	0	0	143	78	0
CCCVCCVCVCCV	0	100	0	0	0	8	0	0
CCCVCCVCVCV	0	12.5	87.5	0	0	2	14	0
CCCVCCVV	0	100	0	0	0	22	0	0
CCCVCCVVCCV	0	100	0	0	0	4	0	0
CCCVCCVVCV	0	85	15	0	0	17	3	0
CCCVCCVVCVCV	0	16.6666666666667	83.3333333333333	0	0	2	10	0
CCCVCV	0	100	0	0	0	782	0	0
CCCVCVCCCVVCV	0	0	100	0	0	0	1	0
CCCVCVCCV	0	77.0642201834862	22.9357798165138	0	0	84	25	0
CCCVCVCCVCCV	0	100	0	0	0	1	0	0
CCCVCVCCVCV	0	57.1428571428571	42.8571428571429	0	0	8	6	0
CCCVCVCCVCVCV	0	0	100	0	0	0	3	0
CCCVCVCCVV	0	100	0	0	0	2	0	0
CCCVCVCCVVCV	0	100	0	0	0	2	0	0
CCCVCVCV	0	45.4128440366972	54.5871559633027	0	0	99	119	0
CCCVCVCVCCV	0	100	0	0	0	8	0	0
CCCVCVCVCCVCV	0	0	100	0	0	0	1	0
CCCVCVCVCV	0	38.4615384615385	61.5384615384615	0	0	10	16	0
CCCVCVCVV	0	100	0	0	0	20	0	0
CCCVCVCVVCCV	0	100	0	0	0	7	0	0
CCCVCVCVVCV	0	100	0	0	0	1	0	0
CCCVCVVCV	0	100	0	0	0	42	0	0
CCCVV	0	100	0	0	0	1	0	0
CCCVVCCV	0	100	0	0	0	8	0	0
CCCVVCCVCCV	0	100	0	0	0	2	0	0
CCCVVCCVCCVCV	0	0	100	0	0	0	1	0
CCCVVCCVCV	0	100	0	0	0	2	0	0
CCCVVCCVCVCV	0	100	0	0	0	4	0	0
CCCVVCCVCVCVV	0	100	0	0	0	55	0	0
CCCVVCCVV	0	100	0	0	0	4	0	0
CCCVVCCVVCCV	0	100	0	0	0	1	0	0
CCCVVCCVVCCVCV	0	0	100	0	0	0	1	0
CCCVVCCVVCV	0	92.3076923076923	7.69230769230769	0	0	12	1	0
CCCVVCCVVCVCV	0	0	100	0	0	0	1	0
CCCVVCV	0	100	0	0	0	93	0	0
CCCVVCVCCV	0	100	0	0	0	6	0	0
CCCVVCVCCVCCVCV	0	0	100	0	0	0	1	0
CCCVVCVCCVCV	0	0	100	0	0	0	2	0
CCCVVCVCV	0	62.5	37.5	0	0	5	3	0
CCCVVCVCVCV	0	0	100	0	0	0	1	0
CCCVVV	0	100	0	0	0	5	0	0
CCCVVVCCV	0	100	0	0	0	2	0	0
CCCVVVCV	0	88.8888888888889	11.1111111111111	0	0	8	1	0
CCCVVVV	0	100	0	0	0	1	0	0
CCV	0	100	0	0	0	464	0	0
CCVCC	0	100	0	0	0	52	0	0
CCVCCCV	0	100	0	0	0	125	0	0
CCVCCCVCCV	0	100	0	0	0	7	0	0
CCVCCCVCCVCV	0	0	100	0	0	0	2	0
CCVCCCVCV	0	87.5	12.5	0	0	7	1	0
CCVCCCVCVCCV	0	100	0	0	0	1	0	0
CCVCCCVCVCV	0	66.6666666666667	33.3333333333333	0	0	2	1	0
CCVCCCVCVV	100	0	0	0	1	0	0	0
CCVCCCVV	0	100	0	0	0	66	0	0
CCVCCCVVCCV	0	100	0	0	0	10	0	0
CCVCCCVVCV	0	100	0	0	0	5	0	0
CCVCCCVVCVCV	0	50	50	0	0	1	1	0
CCVCCV	0	100	0	0	0	5760	0	0
CCVCCVCCCV	0	33.3333333333333	66.6666666666667	0	0	1	2	0
CCVCCVCCV	0	90.8689248895435	9.13107511045655	0	0	617	62	0
CCVCCVCCVCCV	0	100	0	0	0	34	0	0
CCVCCVCCVCCVCV	0	0	100	0	0	0	5	0
CCVCCVCCVCV	0	48.5	48	3.5	0	97	96	7
CCVCCVCCVCVCCV	0	100	0	0	0	8	0	0
CCVCCVCCVCVCCVCV	0	0	100	0	0	0	1	0
CCVCCVCCVCVCV	0	0	100	0	0	0	10	0
CCVCCVCCVCVVCV	0	100	0	0	0	19	0	0
CCVCCVCCVV	0	100	0	0	0	2	0	0
CCVCCVCCVVCV	0	92	8	0	0	23	2	0
CCVCCVCCVVCVCV	0	0	100	0	0	0	2	0
CCVCCVCV	0	50.1796407185629	49.8203592814371	0	0	838	832	0
CCVCCVCVCCV	0	98.8439306358381	1.15606936416185	0	0	171	2	0
CCVCCVCVCCVCCV	0	100	0	0	0	2	0	0
CCVCCVCVCCVCV	0	15.3846153846154	84.6153846153846	0	0	2	11	0
CCVCCVCVCCVCVCCV	0	100	0	0	0	2	0	0
CCVCCVCVCCVV	0	100	0	0	0	6	0	0
CCVCCVCVCCVVCV	0	100	0	0	0	1	0	0
CCVCCVCVCV	0	52.7845036319613	46.4891041162228	0.726392251815981	0	218	192	3
CCVCCVCVCVCCV	0	100	0	0	0	7	0	0
CCVCCVCVCVCV	0	62.5	37.5	0	0	15	9	0
CCVCCVCVCVCVCCV	0	100	0	0	0	1	0	0
CCVCCVCVV	3.125	75	21.875	0	1	24	7	0
CCVCCVCVVCV	0	100	0	0	0	12	0	0
CCVCCVCVVCVCV	0	0	100	0	0	0	1	0
CCVCCVV	0	100	0	0	0	1039	0	0
CCVCCVVCCV	0	98.1818181818182	1.81818181818182	0	0	162	3	0
CCVCCVVCCVCV	0	0	100	0	0	0	4	0
CCVCCVVCCVCVCCV	0	100	0	0	0	20	0	0
CCVCCVVCV	0	88.8311688311688	11.1688311688312	0	0	342	43	0
CCVCCVVCVCCV	0	100	0	0	0	5	0	0
CCVCCVVCVCCVCV	0	0	100	0	0	0	1	0
CCVCCVVCVCV	0	66.0714285714286	33.9285714285714	0	0	37	19	0
CCVCCVVCVCVCV	0	0	100	0	0	0	1	0
CCVCCVVCVCVV	0	100	0	0	0	24	0	0
CCVCCVVCVV	0	100	0	0	0	1	0	0
CCVCCVVCVVV	0	100	0	0	0	4	0	0
CCVCCVVV	0	100	0	0	0	3	0	0
CCVCCVVVCV	0	0	100	0	0	0	2	0
CCVCV	0	100	0	0	0	5026	0	0
CCVCVCCCV	0	100	0	0	0	1	0	0
CCVCVCCCVCV	0	100	0	0	0	4	0	0
CCVCVCCCVVCV	0	100	0	0	0	2	0	0
CCVCVCCV	0	97.8339350180505	2.16606498194946	0	0	1355	30	0
CCVCVCCVCCV	0	82.2784810126582	17.7215189873418	0	0	65	14	0
CCVCVCCVCCVCCV	0	0	100	0	0	0	1	0
CCVCVCCVCCVCV	0	0	100	0	0	0	8	0
CCVCVCCVCV	0	63.5394456289979	36.4605543710021	0	0	298	171	0
CCVCVCCVCVCCV	0	97.2972972972973	2.7027027027027	0	0	36	1	0
CCVCVCCVCVCCVCV	0	0	100	0	0	0	23	0
CCVCVCCVCVCV	0	46	54	0	0	23	27	0
CCVCVCCVCVV	0	100	0	0	0	8	0	0
CCVCVCCVV	0	100	0	0	0	64	0	0
CCVCVCCVVCCV	0	100	0	0	0	6	0	0
CCVCVCCVVCV	0	99.0196078431373	0.980392156862745	0	0	101	1	0
CCVCVCCVVCVCCV	0	100	0	0	0	6	0	0
CCVCVCCVVCVCV	0	0	100	0	0	0	1	0
CCVCVCV	0	68.6321894635089	31.3678105364911	0	0	1420	649	0
CCVCVCVCCCV	0	100	0	0	0	2	0	0
CCVCVCVCCV	0	76.6483516483516	23.3516483516484	0	0	279	85	0
CCVCVCVCCVCCV	0	100	0	0	0	39	0	0
CCVCVCVCCVCV	0	42.8571428571429	57.1428571428571	0	0	12	16	0
CCVCVCVCCVV	0	100	0	0	0	2	0	0
CCVCVCVCCVVCV	0	100	0	0	0	1	0	0
CCVCVCVCV	0	68.230563002681	30.2949061662198	1.4745308310992	0	509	226	11
CCVCVCVCVCCV	0	98.6301369863014	1.36986301369863	0	0	72	1	0
CCVCVCVCVCCVCV	0	0	100	0	0	0	2	0
CCVCVCVCVCV	0	31.4606741573034	65.1685393258427	3.37078651685393	0	28	58	3
CCVCVCVCVCVCV	0	0	100	0	0	0	5	0
CCVCVCVCVV	0	100	0	0	0	4	0	0
CCVCVCVCVVCV	0	100	0	0	0	13	0	0
CCVCVCVV	0	89.2307692307692	10.7692307692308	0	0	58	7	0
CCVCVCVVCCV	0	100	0	0	0	16	0	0
CCVCVCVVCV	0	100	0	0	0	135	0	0
CCVCVCVVCVCCV	0	0	100	0	0	0	1	0
CCVCVCVVCVCV	0	55.5555555555556	44.4444444444444	0	0	10	8	0
CCVCVCVVVCV	0	100	0	0	0	3	0	0
CCVCVV	0	99.9078341013825	0.0921658986175115	0	0	1084	1	0
CCVCVVCCV	0	100	0	0	0	46	0	0
CCVCVVCCVCCV	0	100	0	0	0	15	0	0
CCVCVVCCVCV	0	90	10	0	0	18	2	0
CCVCVVCCVCVCV	0	0	100	0	0	0	3	0
CCVCVVCV	0	97.5124378109453	2.48756218905473	0	0	588	15	0
CCVCVVCVCCVCCV	0	100	0	0	0	2	0	0
CCVCVVCVCCVCCVCV	0	0	100	0	0	0	1	0
CCVCVVCVCCVCV	0	57.1428571428571	42.8571428571429	0	0	8	6	0
CCVCVVCVCV	0	40	60	0	0	4	6	0
CCVCVVCVV	0	100	0	0	0	1	0	0
CCVCVVCVVCV	0	100	0	0	0	38	0	0
CCVV	0	100	0	0	0	169	0	0
CCVVCCCV	0	100	0	0	0	9	0	0
CCVVCCCVCCV	0	100	0	0	0	23	0	0
CCVVCCCVCV	0	100	0	0	0	2	0	0
CCVVCCCVVCV	0	0	100	0	0	0	9	0
CCVVCCCVVCVCVCV	0	0	100	0	0	0	1	0
CCVVCCV	0	100	0	0	0	374	0	0
CCVVCCVCCV	0	100	0	0	0	3	0	0
CCVVCCVCV	0	11.3207547169811	88.6792452830189	0	0	6	47	0
CCVVCCVCVCCV	0	79.5918367346939	20.4081632653061	0	0	39	10	0
CCVVCCVCVCCVCV	0	0	100	0	0	0	1	0
CCVVCCVCVCV	0	60	37.5	2.5	0	48	30	2
CCVVCCVCVCVCV	0	0	100	0	0	0	8	0
CCVVCCVCVCVV	0	100	0	0	0	1	0	0
CCVVCCVCVCVVCV	0	100	0	0	0	6	0	0
CCVVCCVCVV	0	100	0	0	0	6	0	0
CCVVCCVV	0	100	0	0	0	78	0	0
CCVVCCVVCCV	0	25	75	0	0	1	3	0
CCVVCCVVCV	0	79.4117647058823	20.5882352941176	0	0	54	14	0
CCVVCCVVCVCCV	0	100	0	0	0	2	0	0
CCVVCCVVCVCV	0	100	0	0	0	1	0	0
CCVVCCVVV	0	100	0	0	0	17	0	0
CCVVCCVVVV	0	100	0	0	0	1	0	0
CCVVCV	0	98.6587183308495	1.34128166915052	0	0	1324	18	0
CCVVCVCCCV	0	80	20	0	0	4	1	0
CCVVCVCCCVVCV	0	0	33.3333333333333	66.6666666666667	0	0	1	2
CCVVCVCCV	0	66.3793103448276	33.6206896551724	0	0	77	39	0
CCVVCVCCVCV	0	0	88.8888888888889	11.1111111111111	0	0	8	1
CCVVCVCCVVCV	0	0	0	100	0	0	0	1
CCVVCVCV	0	74.2230347349177	25.7769652650823	0	0	406	141	0
CCVVCVCVCCV	0	100	0	0	0	22	0	0
CCVVCVCVCCVCV	0	0	100	0	0	0	3	0
CCVVCVCVCV	0	25.4901960784314	74.5098039215686	0	0	13	38	0
CCVVCVCVCVCCVCV	0	0	100	0	0	0	2	0
CCVVCVCVV	0	100	0	0	0	2	0	0
CCVVCVCVVCV	0	100	0	0	0	24	0	0
CCVVCVV	0	100	0	0	0	3	0	0
CCVVCVVCV	0	100	0	0	0	28	0	0
CCVVCVVCVCCVVCV	0	0	0	100	0	0	0	1
CCVVCVVCVCV	0	0	100	0	0	0	1	0
CCVVVCCV	0	100	0	0	0	1	0	0
CCVVVCCVCCV	0	100	0	0	0	2	0	0
CCVVVCCVCV	0	15.2173913043478	84.7826086956522	0	0	7	39	0
CCVVVCCVCVCV	0	100	0	0	0	11	0	0
CCVVVCCVCVV	0	100	0	0	0	5	0	0
CCVVVCV	0	100	0	0	0	1	0	0
CCVVVV	0	100	0	0	0	9	0	0
CVCC	0	100	0	0	0	327	0	0
CVCCCV	0	100	0	0	0	3485	0	0
CVCCCVCCCV	0	100	0	0	0	4	0	0
CVCCCVCCCVCV	0	100	0	0	0	1	0	0
CVCCCVCCCVVCV	0	66.6666666666667	33.3333333333333	0	0	2	1	0
CVCCCVCCV	0	96.5454545454545	3.45454545454545	0	0	531	19	0
CVCCCVCCVCCV	0	94.4444444444444	5.55555555555556	0	0	34	2	0
CVCCCVCCVCCVCV	0	0	100	0	0	0	6	0
CVCCCVCCVCV	0	56.1111111111111	43.8888888888889	0	0	101	79	0
CVCCCVCCVCVCCV	0	50	50	0	0	1	1	0
CVCCCVCCVCVCV	0	25	75	0	0	2	6	0
CVCCCVCCVV	0	100	0	0	0	25	0	0
CVCCCVCCVVCCV	0	100	0	0	0	3	0	0
CVCCCVCCVVCCVCV	0	0	100	0	0	0	1	0
CVCCCVCCVVCV	0	100	0	0	0	67	0	0
CVCCCVCCVVCVCV	0	0	100	0	0	0	3	0
CVCCCVCV	0	61.3595706618962	38.6404293381038	0	0	686	432	0
CVCCCVCVCCCVVCV	0	0	0	100	0	0	0	1
CVCCCVCVCCV	0	96.7391304347826	3.26086956521739	0	0	89	3	0
CVCCCVCVCCVCCV	0	100	0	0	0	12	0	0
CVCCCVCVCCVCV	0	63.2352941176471	36.7647058823529	0	0	43	25	0
CVCCCVCVCCVCVCCV	0	100	0	0	0	1	0	0
CVCCCVCVCCVCVCV	0	0	100	0	0	0	2	0
CVCCCVCVCCVCVVCV	0	100	0	0	0	8	0	0
CVCCCVCVCV	0	66.3366336633663	31.6831683168317	1.98019801980198	0	134	64	4
CVCCCVCVCVCCV	0	100	0	0	0	70	0	0
CVCCCVCVCVCCVCV	0	0	100	0	0	0	1	0
CVCCCVCVCVCV	0	88.2352941176471	11.7647058823529	0	0	15	2	0
CVCCCVCVCVCVCV	0	0	50	50	0	0	1	1
CVCCCVCVCVCVV	0	100	0	0	0	4	0	0
CVCCCVCVCVV	0	100	0	0	0	1	0	0
CVCCCVCVV	0	100	0	0	0	63	0	0
CVCCCVCVVCCV	0	100	0	0	0	14	0	0
CVCCCVCVVCCVCV	0	0	100	0	0	0	4	0
CVCCCVCVVCV	0	99.236641221374	0.763358778625954	0	0	130	1	0
CVCCCVCVVCVCV	0	14.2857142857143	85.7142857142857	0	0	1	6	0
CVCCCVCVVVCV	0	100	0	0	0	1	0	0
CVCCCVV	0	100	0	0	0	518	0	0
CVCCCVVCCV	0	100	0	0	0	129	0	0
CVCCCVVCCVCCV	0	75	25	0	0	3	1	0
CVCCCVVCCVCV	0	31.25	68.75	0	0	5	11	0
CVCCCVVCCVV	0	100	0	0	0	3	0	0
CVCCCVVCV	0	95.4545454545455	4.54545454545455	0	0	273	13	0
CVCCCVVCVCCV	0	83.3333333333333	16.6666666666667	0	0	5	1	0
CVCCCVVCVCV	0	31.8181818181818	68.1818181818182	0	0	7	15	0
CVCCCVVV	0	100	0	0	0	15	0	0
CVCCCVVVCV	0	100	0	0	0	4	0	0
CVCCCVVVCVCV	0	0	100	0	0	0	1	0
CVCCCVVVV	0	100	0	0	0	11	0	0
CVCCV	0	100	0	0	0	33768	0	0
CVCCVCCCV	0	98.2758620689655	1.72413793103448	0	0	114	2	0
CVCCVCCCVCCV	0	100	0	0	0	11	0	0
CVCCVCCCVCV	0	62.5	37.5	0	0	10	6	0
CVCCVCCCVCVCV	0	0	100	0	0	0	2	0
CVCCVCCCVV	0	100	0	0	0	18	0	0
CVCCVCCCVVCCVCV	0	0	100	0	0	0	2	0
CVCCVCCCVVCV	0	82.3529411764706	17.6470588235294	0	0	14	3	0
CVCCVCCCVVCVCV	0	100	0	0	0	29	0	0
CVCCVCCV	0	96.7523680649526	3.24763193504736	0	0	5720	192	0
CVCCVCCVCCCV	0	100	0	0	0	6	0	0
CVCCVCCVCCV	0	86.491935483871	13.508064516129	0	0	429	67	0
CVCCVCCVCCVCCV	0	100	0	0	0	26	0	0
CVCCVCCVCCVCV	0	2.38095238095238	95.2380952380952	2.38095238095238	0	1	40	1
CVCCVCCVCCVCVCCV	0	100	0	0	0	1	0	0
CVCCVCCVCCVCVCV	0	0	50	50	0	0	1	1
CVCCVCCVCCVV	0	100	0	0	0	15	0	0
CVCCVCCVCV	0	48.3695652173913	51.4266304347826	0.203804347826087	0	712	757	3
CVCCVCCVCVCCV	0	97.0873786407767	2.9126213592233	0	0	100	3	0
CVCCVCCVCVCCVCV	0	0	100	0	0	0	2	0
CVCCVCCVCVCV	0	25.4098360655738	71.3114754098361	3.27868852459016	0	31	87	4
CVCCVCCVCVCVCCV	0	100	0	0	0	26	0	0
CVCCVCCVCVCVVCVCCV	0	100	0	0	0	16	0	0
CVCCVCCVCVV	0	67.7966101694915	32.2033898305085	0	0	40	19	0
CVCCVCCVCVVCV	0	100	0	0	0	27	0	0
CVCCVCCVV	0	100	0	0	0	629	0	0
CVCCVCCVVCCV	0	88.8888888888889	11.1111111111111	0	0	48	6	0
CVCCVCCVVCCVCCV	0	100	0	0	0	2	0	0
CVCCVCCVVCCVCV	0	0	100	0	0	0	6	0
CVCCVCCVVCCVCVCCV	0	0	100	0	0	0	1	0
CVCCVCCVVCCVCVCV	0	0	100	0	0	0	6	0
CVCCVCCVVCV	0	76.1538461538461	23.8461538461538	0	0	198	62	0
CVCCVCCVVCVCCV	0	100	0	0	0	2	0	0
CVCCVCCVVCVCV	0	35.8974358974359	64.1025641025641	0	0	14	25	0
CVCCVCCVVVCV	0	100	0	0	0	6	0	0
CVCCVCV	0	72.1418397181198	27.8581602818802	0	0	9623	3716	0
CVCCVCVCCCV	0	100	0	0	0	3	0	0
CVCCVCVCCV	0	90.9012131715771	9.09878682842288	0	0	1049	105	0
CVCCVCVCCVCCV	0	92.3076923076923	7.69230769230769	0	0	24	2	0
CVCCVCVCCVCCVCV	0	0	100	0	0	0	3	0
CVCCVCVCCVCCVV	0	100	0	0	0	1	0	0
CVCCVCVCCVCV	0	53.0769230769231	46.9230769230769	0	0	69	61	0
CVCCVCVCCVCVCCV	0	100	0	0	0	1	0	0
CVCCVCVCCVCVVCV	0	100	0	0	0	6	0	0
CVCCVCVCCVV	0	100	0	0	0	67	0	0
CVCCVCVCCVVCCV	0	100	0	0	0	1	0	0
CVCCVCVCCVVCV	0	0	50	50	0	0	1	1
CVCCVCVCV	0	57.8405315614618	41.328903654485	0.830564784053156	0	1741	1244	25
CVCCVCVCVCCCV	0	100	0	0	0	4	0	0
CVCCVCVCVCCV	0	86.2068965517241	13.7931034482759	0	0	25	4	0
CVCCVCVCVCCVCCV	0	100	0	0	0	16	0	0
CVCCVCVCVCCVCV	0	0	100	0	0	0	24	0
CVCCVCVCVCV	0	67.1264367816092	27.816091954023	5.05747126436782	0	292	121	22
CVCCVCVCVCVCCV	0	100	0	0	0	13	0	0
CVCCVCVCVCVCV	0	55	45	0	0	11	9	0
CVCCVCVCVCVV	0	50	0	50	0	1	0	1
CVCCVCVCVCVVCV	0	100	0	0	0	24	0	0
CVCCVCVCVV	0	87.8260869565217	12.1739130434783	0	0	101	14	0
CVCCVCVCVVCCV	0	100	0	0	0	10	0	0
CVCCVCVCVVCV	0	94.8905109489051	5.10948905109489	0	0	130	7	0
CVCCVCVCVVCVCV	0	0	100	0	0	0	1	0
CVCCVCVCVVV	0	100	0	0	0	4	0	0
CVCCVCVV	0	100	0	0	0	518	0	0
CVCCVCVVCCCV	0	100	0	0	0	11	0	0
CVCCVCVVCCV	0	100	0	0	0	114	0	0
CVCCVCVVCCVCV	0	0	100	0	0	0	28	0
CVCCVCVVCV	0	97.737556561086	0.678733031674208	1.58371040723982	0	432	3	7
CVCCVCVVCVCCV	0	100	0	0	0	30	0	0
CVCCVCVVCVCV	0	54.3859649122807	45.6140350877193	0	0	31	26	0
CVCCVCVVCVV	0	100	0	0	0	14	0	0
CVCCVCVVCVVCV	0	100	0	0	0	5	0	0
CVCCVCVVV	0	100	0	0	0	65	0	0
CVCCVCVVVCV	0	100	0	0	0	4	0	0
CVCCVV	0.0299580587177951	99.7902935889754	0.179748352306771	0	1	3331	6	0
CVCCVVCC	100	0	0	0	1	0	0	0
CVCCVVCCCV	0	100	0	0	0	4	0	0
CVCCVVCCV	0	97.23991507431	2.76008492569002	0	0	458	13	0
CVCCVVCCVCCV	0	54.9019607843137	45.0980392156863	0	0	28	23	0
CVCCVVCCVCCVCV	0	0	100	0	0	0	1	0
CVCCVVCCVCV	0	33.8582677165354	65.3543307086614	0.78740157480315	0	43	83	1
CVCCVVCCVCVCCV	0	100	0	0	0	1	0	0
CVCCVVCCVCVCV	0	18.1818181818182	81.8181818181818	0	0	2	9	0
CVCCVVCCVV	0	100	0	0	0	23	0	0
CVCCVVCCVVCV	0	100	0	0	0	17	0	0
CVCCVVCCVVCVCV	0	0	100	0	0	0	1	0
CVCCVVCCVVV	0	100	0	0	0	2	0	0
CVCCVVCV	0	88.2176360225141	11.7823639774859	0	0	2351	314	0
CVCCVVCVCCV	0	95.3488372093023	4.65116279069767	0	0	82	4	0
CVCCVVCVCCVCV	0	33.3333333333333	66.6666666666667	0	0	2	4	0
CVCCVVCVCCVV	0	100	0	0	0	1	0	0
CVCCVVCVCV	0	64.5502645502645	35.1851851851852	0.264550264550265	0	244	133	1
CVCCVVCVCVCCV	0	100	0	0	0	9	0	0
CVCCVVCVCVCV	0	0	100	0	0	0	5	0
CVCCVVCVCVV	0	100	0	0	0	1	0	0
CVCCVVCVV	0	100	0	0	0	7	0	0
CVCCVVCVVCV	0	100	0	0	0	44	0	0
CVCCVVV	0	100	0	0	0	70	0	0
CVCCVVVCV	0	50	0	50	0	3	0	3
CVCCVVVV	0	100	0	0	0	58	0	0
CVCV	0	100	0	0	0	27552	0	0
CVCVCCCV	0	100	0	0	0	442	0	0
CVCVCCCVCCCV	0	100	0	0	0	6	0	0
CVCVCCCVCCV	0	92.7272727272727	7.27272727272727	0	0	51	4	0
CVCVCCCVCV	0	67.7777777777778	32.2222222222222	0	0	61	29	0
CVCVCCCVCVCCVCV	0	0	100	0	0	0	1	0
CVCVCCCVCVCV	0	66.6666666666667	25	8.33333333333333	0	8	3	1
CVCVCCCVCVVCV	0	100	0	0	0	11	0	0
CVCVCCCVV	0	100	0	0	0	104	0	0
CVCVCCCVVCCV	0	100	0	0	0	17	0	0
CVCVCCCVVCCVCV	0	0	100	0	0	0	1	0
CVCVCCCVVCV	0	95.2380952380952	4.76190476190476	0	0	20	1	0
CVCVCCCVVCVCV	0	0	100	0	0	0	1	0
CVCVCCV	0	98.5517337418187	1.44826625818131	0	0	7077	104	0
CVCVCCVCCCV	0	97.2972972972973	2.7027027027027	0	0	36	1	0
CVCVCCVCCV	0	90.0887573964497	9.9112426035503	0	0	609	67	0
CVCVCCVCCVCCV	0	100	0	0	0	2	0	0
CVCVCCVCCVCCVCV	0	0	100	0	0	0	5	0
CVCVCCVCCVCV	0	33.8235294117647	64.7058823529412	1.47058823529412	0	23	44	1
CVCVCCVCCVCVCCV	0	100	0	0	0	1	0	0
CVCVCCVCCVCVCV	0	0	100	0	0	0	1	0
CVCVCCVCCVCVV	0	100	0	0	0	1	0	0
CVCVCCVCCVV	0	100	0	0	0	3	0	0
CVCVCCVCCVVCV	0	100	0	0	0	1	0	0
CVCVCCVCV	0	55.8759521218716	44.1240478781284	0	0	1027	811	0
CVCVCCVCVCCV	0	98.0392156862745	1.96078431372549	0	0	100	2	0
CVCVCCVCVCCVCCV	0	2.56410256410256	97.4358974358974	0	0	1	38	0
CVCVCCVCVCCVCV	0	20.5128205128205	79.4871794871795	0	0	8	31	0
CVCVCCVCVCCVCVCV	0	0	100	0	0	0	1	0
CVCVCCVCVCV	0	65.1724137931034	33.1034482758621	1.72413793103448	0	189	96	5
CVCVCCVCVCVCV	0	0	100	0	0	0	3	0
CVCVCCVCVV	0	100	0	0	0	225	0	0
CVCVCCVCVVCCV	0	100	0	0	0	1	0	0
CVCVCCVCVVCV	0	100	0	0	0	10	0	0
CVCVCCVV	0	100	0	0	0	755	0	0
CVCVCCVVCCV	0	100	0	0	0	69	0	0
CVCVCCVVCCVCV	0	0	100	0	0	0	3	0
CVCVCCVVCV	0	92.7835051546392	7.21649484536082	0	0	360	28	0
CVCVCCVVCVCCVCV	0	0	100	0	0	0	4	0
CVCVCCVVCVCV	0	2.32558139534884	97.6744186046512	0	0	1	42	0
CVCVCCVVV	0	55	45	0	0	11	9	0
CVCVCCVVVCV	0	100	0	0	0	1	0	0
CVCVCV	0	70.561661384937	29.438338615063	0	0	10465	4366	0
CVCVCVCC	0	50	0	50	0	7	0	7
CVCVCVCCCV	0	87.5	12.5	0	0	7	1	0
CVCVCVCCCVCV	0	100	0	0	0	1	0	0
CVCVCVCCCVVCV	0	0	100	0	0	0	2	0
CVCVCVCCV	0	93.8524590163934	6.04508196721311	0.102459016393443	0	916	59	1
CVCVCVCCVCCV	0	90.9090909090909	9.09090909090909	0	0	110	11	0
CVCVCVCCVCCVCV	0	0	100	0	0	0	1	0
CVCVCVCCVCV	0	17.8807947019868	80.794701986755	1.32450331125828	0	27	122	2
CVCVCVCCVCVCCV	0	100	0	0	0	7	0	0
CVCVCVCCVCVCV	0	22.2222222222222	77.7777777777778	0	0	2	7	0
CVCVCVCCVCVV	0	100	0	0	0	3	0	0
CVCVCVCCVCVVCV	0	100	0	0	0	9	0	0
CVCVCVCCVV	0	100	0	0	0	122	0	0
CVCVCVCCVVCCV	0	100	0	0	0	1	0	0
CVCVCVCCVVCCVCV	0	0	100	0	0	0	1	0
CVCVCVCCVVCV	0	95.4128440366973	4.58715596330275	0	0	104	5	0
CVCVCVCV	0	66.1588683351469	33.2426550598477	0.598476605005441	0	2432	1222	22
CVCVCVCVCCCV	0	100	0	0	0	2	0	0
CVCVCVCVCCV	0	99.5348837209302	0.465116279069767	0	0	214	1	0
CVCVCVCVCCVCCV	0	0	100	0	0	0	1	0
CVCVCVCVCCVCV	0	10.5263157894737	89.4736842105263	0	0	2	17	0
CVCVCVCVCCVCVCCV	0	0	100	0	0	0	1	0
CVCVCVCVCCVCVCV	0	0	100	0	0	0	6	0
CVCVCVCVCCVV	0	100	0	0	0	1	0	0
CVCVCVCVCV	0	60.3550295857988	34.7140039447732	4.93096646942801	0	306	176	25
CVCVCVCVCVCCV	0	100	0	0	0	20	0	0
CVCVCVCVCVCCVCV	0	0	100	0	0	0	5	0
CVCVCVCVCVCCVV	0	100	0	0	0	1	0	0
CVCVCVCVCVCV	0	0	100	0	0	0	3	0
CVCVCVCVCVCVCCV	0	100	0	0	0	6	0	0
CVCVCVCVCVV	0	100	0	0	0	44	0	0
CVCVCVCVCVVCV	0	100	0	0	0	24	0	0
CVCVCVCVV	0	100	0	0	0	118	0	0
CVCVCVCVVCV	0	100	0	0	0	181	0	0
CVCVCVV	0.1953125	99.0234375	0.78125	0	1	507	4	0
CVCVCVVCCV	0	100	0	0	0	62	0	0
CVCVCVVCCVCV	0	0	100	0	0	0	1	0
CVCVCVVCV	0	99.6316758747698	0.368324125230203	0	0	541	2	0
CVCVCVVCVCV	0	77.2727272727273	22.7272727272727	0	0	34	10	0
CVCVCVVV	0	100	0	0	0	26	0	0
CVCVCVVVCCV	0	100	0	0	0	1	0	0
CVCVV	0	90.1818181818182	9.81818181818182	0	0	744	81	0
CVCVVCCV	0	100	0	0	0	297	0	0
CVCVVCCVCCV	0	100	0	0	0	4	0	0
CVCVVCCVCV	0	41.1764705882353	58.8235294117647	0	0	7	10	0
CVCVVCCVCVCCV	0	100	0	0	0	5	0	0
CVCVVCCVCVCV	0	0	100	0	0	0	1	0
CVCVVCCVV	0	100	0	0	0	1	0	0
CVCVVCV	0	86.6771159874608	13.3228840125392	0	0	1106	170	0
CVCVVCVCCV	0	90	10	0	0	9	1	0
CVCVVCVCCVCV	0	0	100	0	0	0	2	0
CVCVVCVCCVV	0	100	0	0	0	1	0	0
CVCVVCVCV	0	66.6666666666667	32.7272727272727	0.606060606060606	0	110	54	1
CVCVVCVCVCCCVCVCV	0	100	0	0	0	3	0	0
CVCVVCVCVCCV	0	100	0	0	0	21	0	0
CVCVVCVCVCV	0	0	100	0	0	0	19	0
CVCVVCVCVV	0	100	0	0	0	5	0	0
CVCVVCVV	0	100	0	0	0	32	0	0
CVCVVCVVCV	0	100	0	0	0	88	0	0
CVCVVV	0	100	0	0	0	15	0	0
CVCVVVCCVCV	0	100	0	0	0	5	0	0
CVCVVVCV	0	100	0	0	0	5	0	0
CVCVVVCVCV	0	0	100	0	0	0	6	0
CVV	0	100	0	0	0	11371	0	0
CVVCC	0	100	0	0	0	24	0	0
CVVCCCV	0	100	0	0	0	968	0	0
CVVCCCVCCV	0	100	0	0	0	3	0	0
CVVCCCVCCVCV	0	0	100	0	0	0	2	0
CVVCCCVCCVVCCV	0	100	0	0	0	2	0	0
CVVCCCVCCVVCV	0	100	0	0	0	2	0	0
CVVCCCVCV	0	87.5	12.5	0	0	21	3	0
CVVCCCVCVCV	0	0	100	0	0	0	1	0
CVVCCCVCVV	0	100	0	0	0	8	0	0
CVVCCCVV	0	100	0	0	0	1	0	0
CVVCCV	0	100	0	0	0	8792	0	0
CVVCCVCCCV	0	100	0	0	0	1	0	0
CVVCCVCCV	0	100	0	0	0	265	0	0
CVVCCVCCVCCV	0	66.6666666666667	33.3333333333333	0	0	2	1	0
CVVCCVCCVCCVCCV	0	100	0	0	0	1	0	0
CVVCCVCCVCCVCV	0	0	100	0	0	0	1	0
CVVCCVCCVCV	0	45.4545454545455	54.5454545454545	0	0	20	24	0
CVVCCVCCVCVCCV	0	100	0	0	0	1	0	0
CVVCCVCCVV	0	100	0	0	0	6	0	0
CVVCCVCCVVCCV	0	100	0	0	0	7	0	0
CVVCCVCV	0	89.9625935162095	10.0374064837905	0	0	1443	161	0
CVVCCVCVCCV	0	85.7142857142857	14.2857142857143	0	0	54	9	0
CVVCCVCVCCVCV	0	40	60	0	0	2	3	0
CVVCCVCVCCVV	0	100	0	0	0	8	0	0
CVVCCVCVCV	0	67.4496644295302	31.5436241610738	1.00671140939597	0	201	94	3
CVVCCVCVCVCCV	0	100	0	0	0	2	0	0
CVVCCVCVCVCV	0	92.8571428571429	0	7.14285714285714	0	13	0	1
CVVCCVCVCVCVCV	0	0	100	0	0	0	1	0
CVVCCVCVV	0	100	0	0	0	49	0	0
CVVCCVCVVCV	0	100	0	0	0	24	0	0
CVVCCVCVVV	0	100	0	0	0	5	0	0
CVVCCVV	0	100	0	0	0	361	0	0
CVVCCVVCCV	0	100	0	0	0	39	0	0
CVVCCVVCV	0	61.1336032388664	38.8663967611336	0	0	151	96	0
CVVCCVVCVCV	0	85	15	0	0	17	3	0
CVVCCVVV	0	100	0	0	0	1	0	0
CVVCV	0	98.874695863747	1.12530413625304	0	0	6502	74	0
CVVCVCCV	0	89.1687657430731	10.831234256927	0	0	354	43	0
CVVCVCCVCCV	0	100	0	0	0	4	0	0
CVVCVCCVCCVCV	0	0	100	0	0	0	4	0
CVVCVCCVCV	0	54.4642857142857	45.5357142857143	0	0	61	51	0
CVVCVCCVCVCCV	0	100	0	0	0	4	0	0
CVVCVCCVCVCV	0	83.3333333333333	16.6666666666667	0	0	5	1	0
CVVCVCCVCVV	0	100	0	0	0	1	0	0
CVVCVCCVV	0	100	0	0	0	80	0	0
CVVCVCCVVCCV	0	100	0	0	0	6	0	0
CVVCVCCVVCV	0	0	0	100	0	0	0	1
CVVCVCV	0	64.5276292335116	35.4723707664884	0	0	724	398	0
CVVCVCVCCV	0	99.0654205607477	0.934579439252336	0	0	106	1	0
CVVCVCVCCVCV	0	0	100	0	0	0	7	0
CVVCVCVCV	0	48.4662576687117	49.079754601227	2.45398773006135	0	79	80	4
CVVCVCVCVCV	0	0	100	0	0	0	2	0
CVVCVCVV	36.3636363636364	63.6363636363636	0	0	4	7	0	0
CVVCVCVVCCVCV	0	0	100	0	0	0	1	0
CVVCVCVVCV	0	100	0	0	0	24	0	0
CVVCVV	0	100	0	0	0	119	0	0
CVVCVVCV	0	100	0	0	0	53	0	0
CVVCVVCVCV	0	0	100	0	0	0	6	0
CVVCVVV	0	100	0	0	0	4	0	0
CVVV	0	100	0	0	0	1715	0	0
CVVVCCV	0	100	0	0	0	1	0	0
CVVVCV	0	100	0	0	0	47	0	0
CVVVCVCCV	0	100	0	0	0	1	0	0
CVVVCVCV	0	100	0	0	0	10	0	0
CVVVV	0	100	0	0	0	98	0	0
CVVVVCCV	0	100	0	0	0	37	0	0
CVVVVCCVCVV	0	100	0	0	0	7	0	0
CVVVVCV	0	20	80	0	0	2	8	0
CAVCCVCCV	0	100	0	0	0	6	0	0
VCC	0	100	0	0	0	41	0	0
VCCCV	0	100	0	0	0	3559	0	0
VCCCVCCCV	0	100	0	0	0	12	0	0
VCCCVCCV	0	99.2592592592593	0.740740740740741	0	0	268	2	0
VCCCVCCVCCV	0	95	5	0	0	38	2	0
VCCCVCCVCCVCV	0	0	100	0	0	0	3	0
VCCCVCCVCV	0	88.6524822695035	11.3475177304965	0	0	125	16	0
VCCCVCCVCVCCV	0	100	0	0	0	13	0	0
VCCCVCCVCVCV	0	66.6666666666667	33.3333333333333	0	0	12	6	0
VCCCVCCVCVCVCCV	0	100	0	0	0	43	0	0
VCCCVCCVCVCVCV	0	0	100	0	0	0	1	0
VCCCVCCVV	0	100	0	0	0	10	0	0
VCCCVCCVVCCV	0	100	0	0	0	6	0	0
VCCCVCCVVCV	0	96.3302752293578	3.6697247706422	0	0	105	4	0
VCCCVCCVVCVCCV	0	100	0	0	0	5	0	0
VCCCVCCVVCVCV	0	38.4615384615385	61.5384615384615	0	0	5	8	0
VCCCVCCVVCVCVCV	0	0	100	0	0	0	2	0
VCCCVCV	0	93.4740882917466	6.52591170825336	0	0	487	34	0
VCCCVCVCCV	0	94.059405940594	5.94059405940594	0	0	190	12	0
VCCCVCVCCVCCCV	0	100	0	0	0	6	0	0
VCCCVCVCCVCCV	0	100	0	0	0	18	0	0
VCCCVCVCCVCV	0	80.8510638297872	19.1489361702128	0	0	38	9	0
VCCCVCVCCVCVCV	0	0	100	0	0	0	8	0
VCCCVCVCCVVCV	0	100	0	0	0	1	0	0
VCCCVCVCCVVCVCV	0	0	100	0	0	0	1	0
VCCCVCVCV	0	58.7209302325581	41.2790697674419	0	0	101	71	0
VCCCVCVCVCCV	0	0	100	0	0	0	6	0
VCCCVCVCVCV	0	12.1951219512195	87.8048780487805	0	0	10	72	0
VCCCVCVCVCVCCV	0	100	0	0	0	14	0	0
VCCCVCVCVCVCV	0	0	100	0	0	0	2	0
VCCCVCVCVV	0	100	0	0	0	6	0	0
VCCCVCVCVVCV	0	100	0	0	0	7	0	0
VCCCVCVV	0	57.1428571428571	42.8571428571429	0	0	12	9	0
VCCCVCVVCCV	0	100	0	0	0	7	0	0
VCCCVCVVCCVCV	0	0	100	0	0	0	1	0
VCCCVCVVCV	0	100	0	0	0	83	0	0
VCCCVCVVCVCCV	0	100	0	0	0	2	0	0
VCCCVCVVCVCV	0	80	20	0	0	4	1	0
VCCCVV	0	100	0	0	0	121	0	0
VCCCVVCCCV	0	100	0	0	0	22	0	0
VCCCVVCCV	0	100	0	0	0	40	0	0
VCCCVVCCVCCV	0	100	0	0	0	5	0	0
VCCCVVCCVCV	0	95.2380952380952	4.76190476190476	0	0	20	1	0
VCCCVVCV	0	100	0	0	0	81	0	0
VCCCVVCVCCV	0	100	0	0	0	1	0	0
VCCCVVCVCCVCV	0	0	100	0	0	0	1	0
VCCCVVCVCV	0	43.75	56.25	0	0	7	9	0
VCCCVVCVCVCV	0	0	100	0	0	0	1	0
VCCV	0	100	0	0	0	3827	0	0
VCCVCCCV	0	100	0	0	0	105	0	0
VCCVCCCVCCV	0	100	0	0	0	19	0	0
VCCVCCCVCCVCV	0	28.5714285714286	71.4285714285714	0	0	2	5	0
VCCVCCCVCV	0	80.7228915662651	19.2771084337349	0	0	67	16	0
VCCVCCCVCVCCV	0	100	0	0	0	3	0	0
VCCVCCCVCVCCVCV	0	0	100	0	0	0	2	0
VCCVCCCVCVCV	0	75	20.8333333333333	4.16666666666667	0	18	5	1
VCCVCCCVCVV	0	100	0	0	0	1	0	0
VCCVCCCVCVVCV	0	100	0	0	0	45	0	0
VCCVCCCVV	0	100	0	0	0	25	0	0
VCCVCCCVVCCV	0	100	0	0	0	15	0	0
VCCVCCCVVCV	0	91.1764705882353	8.82352941176471	0	0	31	3	0
VCCVCCCVVCVCV	0	0	100	0	0	0	5	0
VCCVCCV	0	98.4509903504317	1.54900964956831	0	0	3877	61	0
VCCVCCVCCCV	0	100	0	0	0	3	0	0
VCCVCCVCCV	0	95.5882352941177	4.41176470588235	0	0	650	30	0
VCCVCCVCCVCCV	0	96.4285714285714	3.57142857142857	0	0	27	1	0
VCCVCCVCCVCCVCV	0	0	100	0	0	0	13	0
VCCVCCVCCVCV	0	63.855421686747	31.9277108433735	4.21686746987952	0	106	53	7
VCCVCCVCCVCVCCV	0	100	0	0	0	4	0	0
VCCVCCVCCVCVCV	0	13.5135135135135	86.4864864864865	0	0	5	32	0
VCCVCCVCCVCVV	0	100	0	0	0	3	0	0
VCCVCCVCCVV	0	100	0	0	0	20	0	0
VCCVCCVCCVVCV	0	100	0	0	0	2	0	0
VCCVCCVCV	0	77.3535220539829	22.5806451612903	0.0658327847267939	0	1175	343	1
VCCVCCVCVCCV	0	99.1379310344828	0.862068965517241	0	0	230	2	0
VCCVCCVCVCCVCV	0	0	100	0	0	0	10	0
VCCVCCVCVCV	0	45.1948051948052	53.7662337662338	1.03896103896104	0	174	207	4
VCCVCCVCVCVCCV	0	100	0	0	0	8	0	0
VCCVCCVCVCVCCVCV	0	0	100	0	0	0	1	0
VCCVCCVCVCVCV	0	4.16666666666667	95.8333333333333	0	0	1	23	0
VCCVCCVCVCVV	0	100	0	0	0	11	0	0
VCCVCCVCVCVVCV	0	100	0	0	0	5	0	0
VCCVCCVCVV	0	100	0	0	0	27	0	0
VCCVCCVCVVCCV	0	100	0	0	0	5	0	0
VCCVCCVCVVCV	0	100	0	0	0	101	0	0
VCCVCCVCVVCVCV	0	94.1176470588235	5.88235294117647	0	0	16	1	0
VCCVCCVV	0	100	0	0	0	164	0	0
VCCVCCVVCCCV	0	100	0	0	0	1	0	0
VCCVCCVVCCV	0	88.5714285714286	11.4285714285714	0	0	31	4	0
VCCVCCVVCCVCV	0	0	100	0	0	0	2	0
VCCVCCVVCV	0	95.8236658932715	4.17633410672854	0	0	413	18	0
VCCVCCVVCVCCV	0	100	0	0	0	17	0	0
VCCVCCVVCVCCVCV	0	0	100	0	0	0	2	0
VCCVCCVVCVCV	0	24.4444444444444	75.5555555555556	0	0	11	34	0
VCCVCCVVV	0	100	0	0	0	2	0	0
VCCVCV	0	68.1296323208836	31.8703676791164	0	0	4688	2193	0
VCCVCVCCCV	0	100	0	0	0	9	0	0
VCCVCVCCCVCVVCV	0	100	0	0	0	6	0	0
VCCVCVCCCVV	0	100	0	0	0	19	0	0
VCCVCVCCCVVCCV	0	100	0	0	0	1	0	0
VCCVCVCCCVVCCVCV	0	0	100	0	0	0	1	0
VCCVCVCCCVVCV	0	40	60	0	0	2	3	0
VCCVCVCCCVVCVCV	0	62.5	37.5	0	0	5	3	0
VCCVCVCCV	0	93	7	0	0	465	35	0
VCCVCVCCVCCV	0	93.75	6.25	0	0	45	3	0
VCCVCVCCVCCVCCVCV	0	0	100	0	0	0	1	0
VCCVCVCCVCCVV	0	100	0	0	0	1	0	0
VCCVCVCCVCV	0	86.3387978142077	13.6612021857924	0	0	158	25	0
VCCVCVCCVCVCCV	0	100	0	0	0	9	0	0
VCCVCVCCVCVCCVCV	0	0	100	0	0	0	1	0
VCCVCVCCVCVCV	0	44.4444444444444	55.5555555555556	0	0	8	10	0
VCCVCVCCVCVCVCV	0	0	100	0	0	0	6	0
VCCVCVCCVCVVCV	0	100	0	0	0	8	0	0
VCCVCVCCVV	0	100	0	0	0	29	0	0
VCCVCVCCVVCCV	0	100	0	0	0	4	0	0
VCCVCVCCVVCV	0	70	30	0	0	21	9	0
VCCVCVCCVVCVCV	0	0	100	0	0	0	7	0
VCCVCVCV	0	66.1395856052345	33.3696837513631	0.490730643402399	0	1213	612	9
VCCVCVCVCCV	0	98.4375	1.5625	0	0	189	3	0
VCCVCVCVCCVCV	0	0	100	0	0	0	13	0
VCCVCVCVCV	0	69.6897374701671	27.9236276849642	2.38663484486873	0	292	117	10
VCCVCVCVCVCCV	0	100	0	0	0	52	0	0
VCCVCVCVCVCV	0	8.10810810810811	89.1891891891892	2.7027027027027	0	3	33	1
VCCVCVCVCVV	0	100	0	0	0	10	0	0
VCCVCVCVCVVCV	0	100	0	0	0	21	0	0
VCCVCVCVV	0	41.025641025641	58.974358974359	0	0	16	23	0
VCCVCVCVVCV	0	98.8095238095238	0	1.19047619047619	0	83	0	1
VCCVCVCVVCVCV	0	0	100	0	0	0	3	0
VCCVCVV	0	95.1612903225807	4.83870967741935	0	0	118	6	0
VCCVCVVCCV	0	100	0	0	0	107	0	0
VCCVCVVCCVCCV	0	100	0	0	0	7	0	0
VCCVCVVCV	0	96.9924812030075	3.00751879699248	0	0	258	8	0
VCCVCVVCVCCV	0	100	0	0	0	3	0	0
VCCVCVVCVCCVCV	0	0	100	0	0	0	1	0
VCCVCVVCVCV	0	82.3529411764706	17.6470588235294	0	0	42	9	0
VCCVCVVCVCVCCV	0	100	0	0	0	28	0	0
VCCVCVVCVVCV	0	94.1176470588235	5.88235294117647	0	0	16	1	0
VCCVCVVVCV	0	100	0	0	0	4	0	0
VCCVCVVVCVCV	0	0	100	0	0	0	2	0
VCCVV	0	99.4285714285714	0.571428571428571	0	0	1218	7	0
VCCVVCCCV	0	0	100	0	0	0	1	0
VCCVVCCV	0	100	0	0	0	416	0	0
VCCVVCCVCCV	0	82.1428571428571	17.8571428571429	0	0	23	5	0
VCCVVCCVCV	0	84.3137254901961	15.6862745098039	0	0	86	16	0
VCCVVCCVCVCCV	0	100	0	0	0	3	0	0
VCCVVCCVCVCV	0	0	100	0	0	0	3	0
VCCVVCCVCVV	16.6666666666667	83.3333333333333	0	0	1	5	0	0
VCCVVCCVV	0	100	0	0	0	1	0	0
VCCVVCCVVCV	0	100	0	0	0	2	0	0
VCCVVCCVVCVCV	0	0	100	0	0	0	1	0
VCCVVCV	0	97.2629521016618	2.73704789833822	0	0	995	28	0
VCCVVCVCCV	0	85.7142857142857	14.2857142857143	0	0	24	4	0
VCCVVCVCCVCV	0	0	100	0	0	0	2	0
VCCVVCVCV	0	71.0843373493976	28.9156626506024	0	0	59	24	0
VCCVVCVCVCCV	0	100	0	0	0	8	0	0
VCCVVCVCVCCVV	0	100	0	0	0	1	0	0
VCCVVCVCVCV	0	56.5217391304348	4.34782608695652	39.1304347826087	0	13	1	9
VCCVVCVV	0	100	0	0	0	7	0	0
VCCVVV	0	71.875	28.125	0	0	23	9	0
VCCVVVCCV	0	100	0	0	0	3	0	0
VCCVVVCV	0	57.7777777777778	42.2222222222222	0	0	26	19	0
VCCVVVCVCCV	0	100	0	0	0	1	0	0
VCCVVVCVCV	0	100	0	0	0	1	0	0
VCCVVVCVCVCV	0	0	100	0	0	0	1	0
VCCVVVV	0	100	0	0	0	17	0	0
VCCAVCCCVCCVCV	0	100	0	0	0	28	0	0
VCV	0	100	0	0	0	4966	0	0
VCVCC	0	100	0	0	0	26	0	0
VCVCCCV	0	100	0	0	0	67	0	0
VCVCCCVCCV	0	16.6666666666667	83.3333333333333	0	0	1	5	0
VCVCCCVCCVCV	0	0	100	0	0	0	1	0
VCVCCCVCV	0	34.6153846153846	65.3846153846154	0	0	18	34	0
VCVCCCVCVCCV	0	100	0	0	0	6	0	0
VCVCCCVCVCV	0	0	100	0	0	0	22	0
VCVCCCVCVCVCCVCV	0	0	100	0	0	0	7	0
VCVCCCVV	0	100	0	0	0	56	0	0
VCVCCV	0	96.6599866399466	3.34001336005344	0	0	1447	50	0
VCVCCVCCV	0	91.7355371900827	8.26446280991736	0	0	111	10	0
VCVCCVCCVCCVCVCCV	0	100	0	0	0	5	0	0
VCVCCVCCVCV	0	39.1304347826087	60.8695652173913	0	0	9	14	0
VCVCCVCV	0	42.4148606811146	57.5851393188854	0	0	137	186	0
VCVCCVCVCCV	0	100	0	0	0	46	0	0
VCVCCVCVCV	0	20.4081632653061	75.5102040816327	4.08163265306122	0	10	37	2
VCVCCVCVCVCV	0	0	100	0	0	0	2	0
VCVCCVCVCVVCV	0	100	0	0	0	10	0	0
VCVCCVCVV	0	100	0	0	0	13	0	0
VCVCCVCVVCV	0	100	0	0	0	6	0	0
VCVCCVV	0	100	0	0	0	279	0	0
VCVCCVVCV	0	60	40	0	0	36	24	0
VCVCV	0	66.1082474226804	33.8917525773196	0	0	2565	1315	0
VCVCVCCV	0	99.1071428571429	0.892857142857143	0	0	333	3	0
VCVCVCCVCCV	0	100	0	0	0	22	0	0
VCVCVCCVCCVCV	0	0	100	0	0	0	4	0
VCVCVCCVCV	0	79.2452830188679	20.7547169811321	0	0	126	33	0
VCVCVCCVCVCCV	0	100	0	0	0	22	0	0
VCVCVCCVCVCV	0	0	100	0	0	0	2	0
VCVCVCCVCVVCV	0	100	0	0	0	5	0	0
VCVCVCCVV	0	100	0	0	0	1	0	0
VCVCVCV	0	65.8091286307054	32.3651452282158	1.82572614107884	0	793	390	22
VCVCVCVCCV	0	90.2439024390244	9.75609756097561	0	0	37	4	0
VCVCVCVCCVCV	0	0	100	0	0	0	1	0
VCVCVCVCV	0	65.929203539823	30.9734513274336	3.09734513274336	0	149	70	7
VCVCVCVCVCCV	0	100	0	0	0	1	0	0
VCVCVCVCVCCVCV	0	0	100	0	0	0	1	0
VCVCVCVCVCV	0	50	50	0	0	1	1	0
VCVCVCVCVV	0	100	0	0	0	12	0	0
VCVCVCVCVVCV	0	100	0	0	0	6	0	0
VCVCVCVV	0	100	0	0	0	175	0	0
VCVCVCVVCV	0	100	0	0	0	127	0	0
VCVCVV	0	100	0	0	0	183	0	0
VCVCVVCCV	0	100	0	0	0	12	0	0
VCVCVVCCVCCV	0	100	0	0	0	5	0	0
VCVCVVCV	0	97.3782771535581	2.62172284644195	0	0	260	7	0
VCVCVVCVCCV	0	100	0	0	0	8	0	0
VCVCVVCVCCVCCVCV	0	0	100	0	0	0	1	0
VCVCVVCVCV	0	71.4285714285714	28.5714285714286	0	0	15	6	0
VCVCVVV	0	100	0	0	0	14	0	0
VCVV	0	95.6168831168831	4.38311688311688	0	0	589	27	0
VCVVCCV	0	100	0	0	0	43	0	0
VCVVCCVCCV	0	100	0	0	0	18	0	0
VCVVCCVCV	0	100	0	0	0	85	0	0
VCVVCV	0	70.6948640483384	29.3051359516616	0	0	234	97	0
VCVVCVCCV	0	100	0	0	0	9	0	0
VCVVCVCCVV	0	100	0	0	0	51	0	0
VCVVCVCV	0	61.5384615384615	38.4615384615385	0	0	32	20	0
VCVVCVCVCCV	0	100	0	0	0	4	0	0
VCVVCVCVCVVCV	0	100	0	0	0	11	0	0
VCVVCVCVV	0	100	0	0	0	1	0	0
VVCC	0	100	0	0	0	37	0	0
VVCCCVCV	0	100	0	0	0	12	0	0
VVCCCVCVVCV	0	100	0	0	0	7	0	0
VVCCVCV	0	100	0	0	0	3	0	0
VVCV	0	97.9253112033195	2.0746887966805	0	0	708	15	0
VVCVCCCVCV	0	100	0	0	0	11	0	0
VVCVCCV	0	100	0	0	0	70	0	0
VVCVCCVCCV	0	50	50	0	0	1	1	0
VVCVCCVCCVCV	0	0	100	0	0	0	1	0
VVCVCCVCV	0	70.7692307692308	29.2307692307692	0	0	46	19	0
VVCVCCVCVCCV	0	100	0	0	0	1	0	0
VVCVCCVCVCV	0	0	100	0	0	0	1	0
VVCVCV	0	27.4924471299094	72.5075528700906	0	0	91	240	0
VVCVCVCCCV	0	100	0	0	0	1	0	0
VVCVCVCCV	0	100	0	0	0	28	0	0
VVCVCVCV	0	100	0	0	0	3	0	0
VVCVCVCVCCV	0	0	100	0	0	0	2	0
VVCVCVCVCV	0	0	100	0	0	0	50	0
VVCVCVCVCVCCV	0	100	0	0	0	10	0	0
VVCVCVCVCVCCVCCV	0	0	100	0	0	0	1	0
VVCVCVCVCVCCVCV	0	0	100	0	0	0	8	0
VVCVCVV	0	100	0	0	0	39	0	0
VVCVCVVCV	0	100	0	0	0	2	0	0
VVCVCVVCVCV	0	0	100	0	0	0	1	0
VVCVV	0	0	100	0	0	0	72	0
VVV	0	100	0	0	0	124	0	0
VVVCV	0	100	0	0	0	216	0	0
VVVCVCCV	0	100	0	0	0	59	0	0
VVVCVCCVCV	0	0	100	0	0	0	4	0
VVVCVCV	0	76.6233766233766	23.3766233766234	0	0	59	18	0
VVVCVCVCCV	0	100	0	0	0	7	0	0
VVVCVCVCV	0	29.4117647058824	70.5882352941177	0	0	5	12	0
VVVCVCVV	0	100	0	0	0	3	0	0
VVVCVVCVCV	0	0	100	0	0	0	2	0
VVVCVVV	0	100	0	0	0	17	0	0
VVVVCV	0	100	0	0	0	19	0	0
